This files contains change in temperature [degC] for the years the model has been run for.
1850    0.0
1851    -0.000161044838706
1852    -0.000412640124927
1853    -0.000697583087316
1854    -0.000969485785631
1855    -0.00119100077155
1856    -0.00133238246195
1857    -0.00137028074405
1858    -0.00128671698852
1859    -0.00106821103111
1860    -0.000705035666598
1861    -0.000190579828493
1862    0.000479195128184
1863    0.00130621913886
1864    0.00229070825272
1865    0.0034315000708
1866    0.00472633796829
1867    0.0061721111536
1868    0.00776505667122
1869    0.00950092864727
1870    0.0113751393811
1871    0.013382876284
1872    0.0155191981413
1873    0.0177791137184
1874    0.0201576453304
1875    0.0226498796462
1876    0.0252510076922
1877    0.0279563557526
1878    0.0307614086306
1879    0.0336618265294
1880    0.0366534566336
1881    0.0397323403187
1882    0.0428947167783
1883    0.0461370237435
1884    0.0494558958676
1885    0.0528481612589
1886    0.0563108365728
1887    0.0598411210032
1888    0.0634363894637
1889    0.0670941851945
1890    0.0708122119935
1891    0.0744580090307
1892    0.0780351629482
1893    0.0815475514106
1894    0.0849994140877
1895    0.0883952880483
1896    0.0917399220922
1897    0.0950381937073
1898    0.0982950351998
1899    0.101515370485
1900    0.104704062406
1901    0.107707327269
1902    0.110556652722
1903    0.113279141867
1904    0.115898455048
1905    0.118435358038
1906    0.120908128022
1907    0.123332879553
1908    0.125723835729
1909    0.128093557911
1910    0.130453142575
1911    0.133031588646
1912    0.135809628026
1913    0.138770788318
1914    0.14190062189
1915    0.145186324464
1916    0.148616479306
1917    0.152180864682
1918    0.155870300706
1919    0.159676523894
1920    0.163592082342
1921    0.167582922149
1922    0.171641192391
1923    0.175760214622
1924    0.179934432523
1925    0.18415928373
1926    0.188431067193
1927    0.192746820017
1928    0.197104206995
1929    0.201501423029
1930    0.205937107738
1931    0.210470825703
1932    0.215087679823
1933    0.219775494113
1934    0.224524210151
1935    0.229325510279
1936    0.234172529742
1937    0.23905962348
1938    0.243982172772
1939    0.248936423253
1940    0.253919348431
1941    0.258618855718
1942    0.263107408349
1943    0.26744547867
1944    0.271684113986
1945    0.275866516718
1946    0.280029253
1947    0.284203237106
1948    0.28841455352
1949    0.292685151285
1950    0.297033434401
1951    0.300808667131
1952    0.30417013757
1953    0.307249114583
1954    0.310155094886
1955    0.312979577101
1956    0.315798929447
1957    0.318676716257
1958    0.321665634309
1959    0.324809142727
1960    0.328142843888
1961    0.33138547959
1962    0.334600927534
1963    0.337843657473
1964    0.341160395529
1965    0.344591243311
1966    0.348170575429
1967    0.351927793072
1968    0.355887968048
1969    0.360072397795
1970    0.364499086107
1971    0.369585422827
1972    0.375339795906
1973    0.381756147673
1974    0.388851409205
1975    0.396495599756
1976    0.404576630939
1977    0.41316755192
1978    0.422244562765
1979    0.431780115734
1980    0.4417715348
1981    0.452482026801
1982    0.463676720284
1983    0.47519834603
1984    0.486976121252
1985    0.499092918727
1986    0.511606940014
1987    0.524453085613
1988    0.537643261008
1989    0.551214472505
1990    0.565150616069
1991    0.580188713382
1992    0.596082978899
1993    0.612605609072
1994    0.629733782678
1995    0.647395548706
1996    0.665624019638
1997    0.684408092078
1998    0.703734981954
1999    0.723589973678
2000    0.743956930751
2001    0.764131050097
2002    0.784203550497
2003    0.804249812904
2004    0.82433275089
2005    0.844504818508
2006    0.864809597384
2007    0.885283115897
2008    0.905954964411
2009    0.926849244436
2010    0.947985379579
2011    0.967474597645
2012    0.985604084416
2013    1.00261878977
2014    1.01873027479
2015    1.03412159669
2016    1.04895119033
2017    1.06335612223
2018    1.07745486967
2019    1.09134971254
2020    1.10512880177
2021    1.12003720647
2022    1.13600607175
2023    1.15297281344
2024    1.17087987425
2025    1.18967419373
2026    1.20930678488
2027    1.2297323708
2028    1.2509090637
2029    1.27279807771
2030    1.29536346995
2031    1.32023350007
2032    1.34713662671
2033    1.37583821683
2034    1.40613234711
2035    1.43783796129
2036    1.47079566663
2037    1.50486502548
2038    1.53992222508
2039    1.57585806018
2040    1.61257617794
2041    1.64999154535
2042    1.68802914866
2043    1.72662276267
2044    1.76571391934
2045    1.80525099633
2046    1.84518841366
2047    1.88548592491
2048    1.92610799167
2049    1.96702323119
2050    2.00820392849
2051    2.05085391009
2052    2.0948320743
2053    2.14001111261
2054    2.18627732434
2055    2.23352909608
2056    2.28167565786
2057    2.33063592725
2058    2.38033747083
2059    2.43071556964
2060    2.48171238143
2061    2.53327629105
2062    2.58536102426
2063    2.63792516818
2064    2.69093163798
2065    2.74434720163
2066    2.79814205664
2067    2.85228945312
2068    2.90676535828
2069    2.96154815781
2070    3.01661839018
2071    3.07127629666
2072    3.12560173601
2073    3.1796625305
2074    3.23351803028
2075    3.28721967167
2076    3.34081215408
2077    3.39433422739
2078    3.44781944689
2079    3.50129680469
2080    3.55479128912
2081    3.60764225746
2082    3.65996214382
2083    3.71184751572
2084    3.76338311781
2085    3.81464254902
2086    3.86568996346
2087    3.91658107368
2088    3.96736423557
2089    4.01808130442
2090    4.06876842964
2091    4.1194566325
2092    4.17017260132
2093    4.22093913742
2094    4.27177561995
2095    4.32269841992
2096    4.37372126342
2097    4.4248555533
2098    4.47611065249
2099    4.52749413442
2100    4.5790120039
