
                              FLARE INDEX OF SOLAR ACTIVITY
                                        FULL DISK
       1983
--------------------------------------------------------------------------------
Day    Jan  Feb   Mar     Apr  May   Jun     Jul  Aug   Sep     Oct  Nov   Dec
================================================================================
  1   6.86 12.04 18.48   2.09 39.47  8.31  10.00 17.68  9.77   2.56  0.00  0.00
  2   2.72  7.71  7.90   0.52 10.31 12.23  22.03  8.47 14.33   6.12  0.13  0.23
  3   1.67 26.76  3.27   3.52  8.60 14.19   6.49 37.29  4.92   1.95  2.00  0.00
  4   8.85 18.13 14.32   3.08 10.44 26.82  15.17 17.15  4.60   1.37  2.63  0.00
  5   5.12 24.07  2.05  10.46  5.88 20.50   5.88  7.67  7.93  18.56  1.83  4.75

  6  14.50  7.20  3.27   0.79  6.38 22.43   4.59 12.56  2.42   6.85  0.13 14.08
  7  21.69  1.13  0.94   4.60 14.19 15.96   1.21  6.72  4.38   7.94  7.88  8.47
  8  19.17  1.87  9.75   5.64 17.35 15.42   2.71 12.35  2.54   4.68 20.18  6.23
  9   9.72  2.46  8.08   4.08 17.83  9.82   0.90  3.26  4.15   6.24  0.25 18.60
 10   4.36  2.23 14.19   2.06 28.13 10.37  11.34  5.00  5.38  17.80  1.02  3.88

 11   3.08  0.50  3.04   3.84 18.18  7.13  11.04  6.85  1.71  16.88  0.48  0.48
 12  12.85  2.71  0.72   0.72 26.44  2.98   4.63 17.63 15.04  10.52  0.54  1.17
 13  10.17  0.00  0.00   4.83 15.23  6.41   5.02 18.71  9.22  12.50  0.00  4.64
 14   0.88  0.00  6.09  27.52 16.53  8.94   7.63 16.91  4.04  25.77  1.25  2.23
 15   4.91  0.00  4.55   3.18  9.96  4.22   4.35  9.61  6.26  10.26  0.44  5.90

 16   3.08  1.22  9.58   3.65 10.83  8.48   3.73 16.07  3.04  12.08  4.89  3.05
 17   7.66  1.05 20.31   3.90  2.56  7.40   4.60 18.68  3.23  15.85  2.49  7.40
 18   6.61  3.67 11.93   4.44 17.52  4.25   8.92 10.53  0.29   5.14  0.56  0.51
 19   1.40  0.13  6.90  10.05 12.29 14.58  12.57  5.31  2.27   3.34  1.13  3.66
 20   0.49  1.71  3.98   7.41 11.08 11.75   4.50  4.94  6.00   0.00  1.04  1.29

 21   2.38  0.00  2.40   5.85  7.42  8.83   6.50 10.21 13.96   0.38  0.11  0.89
 22   3.40  0.56  1.32  17.31 14.00 11.43  15.06  3.81  9.81   0.25  0.00  0.00
 23   2.83  2.02  3.33   3.92 12.79  7.15   5.23  2.27  4.55   0.00  0.00  0.00
 24   3.49  2.33  1.46   9.94  2.49  9.27  19.23  1.52  3.44   0.00  0.00  0.83
 25   4.75  7.74  3.33   9.85 17.58  6.92  11.08  0.45  5.40   0.23  0.00  0.33

 26   4.35  4.04 13.25  11.16  5.06 16.10   1.25  0.98  2.83   0.00  0.00  0.00
 27   3.61  8.63  2.44  12.50  7.02  6.41   4.64  4.85  7.97   0.77  0.98  0.13
 28   4.98  5.62  3.60   8.53  3.49 22.23   8.73  2.20  0.00   2.11  0.11  0.55
 29   6.98        2.23   6.15  2.67 13.15  15.31  2.88  0.00   0.90  1.65  0.00
 30   1.37        6.57  20.37  7.43  5.79  11.78  4.65  0.00   0.00  0.70  0.00

 31   6.06        0.12         8.70        10.78  2.67        14.09        0.38
================================================================================
Mean  6.13  5.20  6.11   7.07 12.51 11.32   8.29  9.35  5.32   6.62  1.75  2.89
--------------------------------------------------------------------------------
Yearly Mean = 6.90
