
                              FLARE INDEX OF SOLAR ACTIVITY
                                        FULL DISK
       1976
--------------------------------------------------------------------------------
Day    Jan  Feb   Mar     Apr  May   Jun     Jul  Aug   Sep     Oct  Nov   Dec
================================================================================
  1   0.31  0.15  0.00   1.09  1.58  0.00   0.00  0.79  4.26   0.00  0.00  0.00
  2   0.00  0.32  0.00   3.12  0.00  0.00   0.00  0.52  0.54   0.00  0.00  0.00
  3   0.00  0.00  0.00   1.15  0.00  0.00   0.00  0.00  4.33   0.00  0.00  0.00
  4   0.00  0.00  0.00   0.00  2.86  0.00   0.00  0.73  3.35   0.00  0.00  0.00
  5   0.55  0.00  0.00   0.21  1.84  0.00   0.00  2.33  0.00   0.60  0.00  0.00

  6   0.00  0.00  0.00   0.15  0.00  0.00   0.00  2.44  1.25   0.78  0.00  0.00
  7   0.00  0.00  1.10   0.00  0.21  0.00   0.00  1.50  0.35   0.00  0.00  0.00
  8   0.00  0.00  1.13   0.00  0.00  1.38   0.00  0.48  1.70   0.00  0.00  1.10
  9   0.00  0.00  0.50   1.32  0.00  0.38   0.00  0.11  0.14   0.00  0.00  3.93
 10   0.00  0.21  0.00   0.00  0.00  1.25   0.00  0.36  4.20   0.00  0.00  0.98

 11   5.32  0.00  0.40   0.33  0.00  0.90   0.00  0.00  0.00   0.00  0.00  0.00
 12   9.65  0.41  0.00   0.00  0.00  0.63   0.00  0.00  0.00   0.00  0.00  0.00
 13   1.08  0.35  0.29   0.00  0.62  0.00   1.19  1.06  0.00   0.14  0.00  1.06
 14   3.98  0.09  0.38   2.59  0.00  0.48   0.42  0.00  0.51   0.53  0.00  3.29
 15   1.21  0.18  0.00   0.00  4.98  2.11   0.25  0.73  0.00   0.62  0.00  1.69

 16   0.31  0.22  2.71   0.84  1.11  3.76   1.54  0.22  0.00   0.60  0.00  0.81
 17   0.58  0.16  1.69   0.53  0.45  4.67   0.00  0.32  2.79   0.00  1.17  0.00
 18   1.34  0.00  2.64   0.04  2.13  2.79   0.00  1.42  0.88   0.00  1.86  0.00
 19   2.69  0.00  0.94   0.28  0.31  0.29   0.00  1.18  0.32   1.46  2.80  0.00
 20   1.20  1.03  3.90   4.42  0.00  1.44   0.00  0.42  2.78   0.00  0.62  0.00

 21   0.23  0.32 10.53   0.43  3.09  0.22   0.00  0.69  3.42   0.00  0.00  0.00
 22   0.00  0.00  2.77   1.50  1.15  1.57   0.00  3.44  0.00   1.65  0.37  0.00
 23   0.00  0.00  2.48   0.00  0.71  0.19   0.00  0.00  0.00   1.90  0.00  0.00
 24   0.00  0.00  3.70   0.00  0.00  0.00   0.14  0.00  0.62   0.00  0.00  0.00
 25   0.00  0.27  9.76   1.03  0.00  0.19   0.00  0.10  0.00   0.00  0.00  0.96

 26   0.00  0.94  5.59   0.00  1.79  0.28   0.00  0.00  0.00   0.00  0.00  0.00
 27   0.00  0.00  6.04   0.27  0.00  0.00   0.00  0.00  0.39   0.65  0.00  0.81
 28   1.70  0.00 11.33   1.09  0.14  0.00   0.00  0.00  0.17   0.50  0.00  1.38
 29   0.41  0.00  6.24   5.44  0.00  0.00   0.00  0.00  0.00   1.02  0.00  3.53
 30   0.09        2.60   9.24  0.00  0.00   0.00  0.00  0.41   0.00  0.00  2.97

 31   0.00       10.67         0.00         0.00  0.85         0.00        3.00
================================================================================
Mean  0.99  0.17  2.82   1.17  0.74  0.75   0.11  0.64  1.08   0.34  0.23  0.82
--------------------------------------------------------------------------------
Yearly Mean = 0.82
