Kandilli Observatory
                              FLARE INDEX OF SOLAR ACTIVITY
                                        FULL DISK
      2002
--------------------------------------------------------------------------------
Day    Jan  Feb   Mar     Apr  May   Jun     Jul  Aug   Sep     Oct  Nov   Dec
================================================================================
  1   0.21  0.79  8.02   2.23  2.51  3.13   1.04  8.09  3.42   1.71  2.45  1.40
  2   9.74  0.63  0.96   3.04  3.95  5.48   4.71  5.52  1.27   3.96  2.00  2.43
  3   6.30  1.59  0.00   0.48  4.95  3.04  18.78  4.59  1.31   8.10  7.31  1.65
  4   5.50  7.79  0.30   1.82  1.81  2.30   5.26  0.00  1.94  11.57  6.14  2.84
  5   9.47  4.53  0.00   2.58  2.35  0.27   3.77  0.92  6.21   5.56  5.31  0.00

  6   4.00  4.22  0.00   4.47  1.75  1.05   3.34  4.56  0.18   1.77  7.52  0.44
  7   3.04  0.53  0.13   3.64  3.13  0.00   0.33  0.68  0.20   0.37  6.27  0.00
  8   4.52  0.00  0.40   2.70  7.92  0.55   0.00  0.83  3.38   1.84  7.83  1.53
  9  20.55  1.33 10.11   6.63  1.12  0.00   0.00  0.47  6.24   0.19 13.14  0.68
 10   7.27  8.63  0.83   7.11  6.06  0.08   2.73  0.00  5.22   0.65  8.79  2.94

 11   3.42  3.44  0.00   5.64  8.37  1.59   4.06  1.62  2.21   6.90 24.83  1.00
 12   7.31  9.69  1.29  11.35  2.75  0.25   7.71  2.02  4.31   1.27  8.57  0.99
 13   5.98  9.08  2.08   2.20  2.19  1.15   2.55  8.03  1.26  13.11  2.53  5.58
 14  10.15  2.12  7.41  18.72  2.81  2.48   2.44 12.67  6.24   7.10  2.15  7.08
 15   2.90  3.02  7.87   6.36  1.39  0.91  42.64  5.82  4.84   2.50  4.78  3.20

 16   4.00  0.81  3.07   1.62  5.05  0.35  12.86 29.66  7.44   1.02  5.11 14.09
 17   0.79  3.20  2.07  27.54  3.51  0.50  12.89 11.49 23.12   2.38  3.43 10.02
 18   0.27  4.07  4.00   2.29  2.95  0.23   6.44 15.80  6.52   6.90  1.59  5.82
 19   0.39  1.03 10.52   3.58  1.54  0.00   4.02 11.14  5.04  10.90  1.43 17.56
 20   2.06  9.22  2.92   0.94  8.94  0.17   2.45 14.22  2.67  30.33  2.45  3.73

 21   1.50  9.36  2.33   6.10  6.31  0.21   0.23  7.58  1.10   8.77  3.23  4.26
 22   2.41  1.93  0.61   1.85  1.91  0.86   1.67 23.84  2.33   2.90  3.97  0.21
 23   1.21  4.21  2.66   0.51  0.25  7.73  16.94 37.92  1.29   5.23  1.81  1.02
 24   1.27  4.48  1.63   8.39  2.40  0.69   9.03 10.54  0.18   1.84  9.87  3.27
 25   1.44  8.13  0.99   1.69  1.88  0.17   1.77  4.04  1.43   7.19  0.11  0.37

 26   2.78  1.93  2.34   0.84  3.53  0.61  30.66  6.15  3.26   0.46  0.16  1.06
 27   0.47  2.07  0.00   1.42  6.65  0.19   2.02  1.26  4.97   5.52  7.08  0.82
 28   1.55  2.84  0.49   0.98  1.16  0.36   8.69  3.39  3.15  15.73  2.30  0.00
 29   5.48        6.82   0.29  2.54  0.30  13.78  7.63  5.36  10.77  0.65  0.19
 30   0.55        9.25   4.59  2.95  0.49   2.35  9.96 10.27   4.23  0.23  0.19

 31   2.20        5.68         0.50         8.73  3.19         2.88        1.65
================================================================================
Mean  4.15  3.95  3.06   4.72  3.39  1.17   7.54  8.18  4.21   5.92  5.10  3.10
--------------------------------------------------------------------------------
Yearly Mean = 4.56
