
                              FLARE INDEX OF SOLAR ACTIVITY
                                       FULL DISK
       1980
--------------------------------------------------------------------------------
Day    Jan  Feb   Mar     Apr  May   Jun     Jul  Aug   Sep     Oct  Nov   Dec
================================================================================
  1   6.88 22.26 17.44   7.77 19.37 11.04   6.52  3.73 27.70  13.42 29.63 11.02
  2   5.67 12.31  9.42  19.62 13.79 19.69   3.38  4.88 29.72   7.42 29.57 32.02
  3   5.54 16.90  8.85  24.50 13.89 15.04   5.69 20.66 28.84  20.85 22.79 12.55
  4  10.61 25.09 10.92  18.06 10.73 20.08   5.83  6.10 29.56   6.06 19.56 10.00
  5  28.73 13.24  7.72  22.01 13.12 14.54  13.15  3.03 11.83  12.94 43.78 12.75

  6  26.78 37.15  6.90  18.50 11.83 14.92   6.77  5.02 11.32   9.33 91.86  6.53
  7  15.96 30.55 10.66  44.85 11.26 17.95  10.00  6.73 15.67  15.44 60.25 19.71
  8  23.33 15.38  3.39  23.36  9.98 12.38   9.91  5.19 26.63  27.23 43.83 14.09
  9  34.33 10.82  2.70  12.90 11.73  8.81   9.48 16.89 14.07  20.52 34.97 30.60
 10  29.51 18.24  2.63  28.88 10.04 10.71  14.98 11.55  9.17  24.29 54.04 13.94

 11  11.86 18.46  4.31  37.63 10.61  7.08  20.42 23.72 26.81  28.26 60.73  0.82
 12  18.67 25.65  3.14  32.35  9.46 18.67  26.73 12.75 17.12  19.69 35.65  3.99
 13  38.53 31.28  6.29  38.13  7.37 21.44  20.77 53.38  8.38  25.83 24.60 19.45
 14  18.27  5.18  2.64  18.98  9.89 26.83   7.68 16.48  6.02  36.01 38.25 26.97
 15   5.02 15.13  7.08  12.79 10.07  9.94   7.81 16.83  4.49  41.75 16.83 24.91

 16  15.56  6.91  0.71  25.35 19.35  5.81  12.43 10.00 13.08  25.88 38.19 18.40
 17   7.71  5.71  1.65   9.15 36.56  7.04  25.74  9.72 13.23  19.33 28.30 32.05
 18   3.65  6.12  8.15   6.62  9.47  7.90  30.23 12.92 12.52  17.65 22.76 27.59
 19   7.50  8.66 18.35   4.08 13.80 35.35  12.19 13.12 13.50  12.66 32.94 29.16
 20   6.81 17.58 10.39   9.86  3.66 29.90  26.29 15.84 21.15   8.30 21.96 13.97

 21   6.19  6.43  6.34  12.47 12.61 25.95  24.53 19.13  8.20  14.58 15.23 10.67
 22   7.96  7.33  4.54  12.65 23.29 21.88  14.17 22.36 10.88  20.51 25.44 10.77
 23  25.56  6.27 12.32  11.17  6.79 47.25  39.77  8.56 16.48   9.12 22.94 10.69
 24  24.21  3.98 18.93  22.82 23.20 29.69  12.71 20.59 15.10   8.38 27.05 10.36
 25  56.24 12.73 20.10  19.32 12.84 30.40  10.37 24.07 19.62  12.61 14.77  8.85

 26  13.75  7.90 17.88  20.71 13.51 14.23  12.26 15.20 11.11   7.97  9.06  8.50
 27  16.90 14.85 15.61  15.19 10.82 16.79   7.60 25.00 18.10  17.52 14.29 12.99
 28  21.70  8.35 23.34  14.38 30.38 14.53   3.74 12.63 11.35  23.17 13.09 13.70
 29  16.65 16.79 21.38  27.49 15.72  4.81   9.67 22.33 10.38  15.52 13.52 14.50
 30   8.71       12.50  16.77  7.79 24.46   7.85 22.77 25.73  15.63 16.07 13.96

 31  10.13       10.21         8.67         7.34 23.87        25.19       22.74
================================================================================
Mean 17.06 14.66  9.89  19.61 13.60 18.17  13.74 15.65 16.26  18.16 30.73 16.07
--------------------------------------------------------------------------------
Yearly Mean = 16.94
