
                              FLARE INDEX OF SOLAR ACTIVITY
                                       FULL DISK
      1993
--------------------------------------------------------------------------------
Day    Jan   Feb   Mar    Apr   May   Jun    Jul   Aug   Sep    Oct   Nov   Dec
================================================================================
  1   0.53  1.97  9.14   5.20  0.00  6.08   3.81  0.00  0.00   5.49  4.00  4.44
  2   1.72  5.64  6.80   0.52  2.14  4.00  10.35  3.19  0.33   5.77  0.33  2.52
  3   0.00  8.35  0.00   0.38  1.18  4.61  11.15  0.77  0.00   8.16  0.59  2.10
  4   0.00  7.21  0.00   0.58  0.92  6.62  25.62  0.00  2.44   3.56  0.96  2.48
  5   2.31 11.40  0.00   0.39  4.24 10.02   1.19  2.08  0.54   4.59  0.00  0.66

  6   0.92 43.18  0.00   6.69  2.89  8.66   4.88  1.22  0.48   1.79  0.00  8.74
  7  14.48 13.83  0.00   6.27 17.19 36.92  14.23  0.27  0.11   4.35  0.00  4.54
  8   1.21  8.08  0.00  30.34  6.22  9.34   0.19  0.69  0.32   1.84  0.77  3.42
  9   1.75 11.01  0.00   3.17  3.10 12.11   0.00  3.35  0.00   7.25  1.04  0.15
 10   3.72  9.07  0.00   5.92  4.49  4.63   0.00  6.56  0.00   1.02  0.00  0.00

 11   6.15 22.31  0.00   2.24  5.34  2.19   0.00 10.16  0.00   0.35  0.00  0.00
 12   6.79 11.15  0.00   8.36  4.92  0.81   0.21  1.06  0.00   3.13  3.41  1.37
 13   4.72 12.66  0.16   0.54  4.92  0.19   2.59  3.80  0.00   0.85 12.55  0.45
 14   0.39  6.90  0.58   0.00 17.50  0.76   2.39  1.17  0.00   0.00  1.17  0.79
 15   0.95  8.26  3.69   0.20  0.27  0.00   0.20  0.00  0.25   3.76  0.95  0.00

 16   6.43 14.82 25.21   5.58  0.00  0.00   0.00  0.00  5.82   1.88  0.86  0.02
 17   3.06 27.36  8.56   8.05  0.00  0.00   1.29  0.21  0.63   0.43  0.06  2.33
 18   1.09 39.17 21.84  13.44  1.03  1.46   0.34  0.00  0.25   2.60  2.71  2.05
 19   0.44  5.80  4.03   8.09  2.09  3.81   1.04  0.68  0.00   1.24  0.25  0.13
 20   2.06  4.79  4.32  14.24  0.29  1.59   1.88  0.02  0.00   7.19  1.73  1.26

 21   1.04 12.02  2.94   6.56  0.31  0.10   3.29  1.58  0.40   0.46  0.15  0.00
 22   0.00  3.08 12.96   4.33  0.18  0.99   1.81  0.00  0.00   0.00  1.07  6.04
 23   0.49  2.11 24.15   2.25  0.44  1.42   5.75  0.78  3.85   0.37  1.23  5.60
 24   6.42  7.87 31.74   5.63  0.60 15.34   1.71  0.00  3.93   0.19  3.35  9.81
 25   1.78  2.74  6.04   4.03  7.40  4.61   2.08  0.54  0.35   1.55  8.03 12.62

 26   0.00  2.66  1.59   2.48  8.79  8.48   0.42  0.23  2.38   1.45  1.86 14.43
 27   8.20  0.40  3.61   2.08 18.04 13.21  13.20  0.00  3.90   1.12  0.41  4.71
 28   0.51  0.87  6.20   4.42 21.21 11.24   0.23  0.00  2.87   1.26  0.32  7.85
 29   1.92        4.88   0.17  8.00  1.92   0.29  0.00  1.71   1.00  0.36  3.32
 30   3.60       10.53   0.13 16.11  1.70   1.19  0.00  8.09   0.92  0.78 18.64

 31   0.47       21.90         2.41         0.86  0.00        22.06        4.57
================================================================================
Mean  2.68 10.88  6.80   5.08  5.23  5.76   3.62  1.24  1.29   3.08  1.63  4.03
--------------------------------------------------------------------------------
Yearly Mean = 4.23
