
                              FLARE INDEX OF SOLAR ACTIVITY
                                        FULL DISK
      1990
--------------------------------------------------------------------------------
Day    Jan   Feb   Mar    Apr   May   Jun    Jul   Aug   Sep    Oct   Nov   Dec
================================================================================
  1  10.60  8.12 25.76   1.95  2.79  4.39  19.42 12.25 13.49   6.35  7.31  3.48
  2  13.18  3.48 15.46   8.08  0.00  1.96  12.42  7.80  8.54  16.43  1.26 10.05
  3   6.79  6.55  8.95   9.29  2.21  3.39   5.27  5.29  7.28  15.24  3.39  6.36
  4   4.79  5.79  2.12   9.75  5.40  7.10  16.09  2.68 18.49   5.71 12.80 26.44
  5   7.19  4.06  6.10  10.23  1.12  4.86  25.78  3.83 10.49   6.79 19.41 23.84

  6  16.85  9.54 17.19   3.20  7.35  6.02  15.33  4.56 10.02   4.69 26.70 10.00
  7   4.77  2.15 11.38   1.77  8.00  8.69  25.59  7.04 12.67   4.65 23.91 12.98
  8  20.16  7.73 18.12  14.63 16.58  3.00   8.00 16.06  7.54  10.08 32.13 16.83
  9   7.34  5.38  1.17   3.06 10.54  9.07   7.78 12.42  5.56  12.21 19.90 14.07
 10   9.31  1.52  0.56   5.04 10.14 21.87  20.93 23.67  1.31  14.90 13.25 47.38

 11   4.52  1.62  4.57   3.07 11.36 10.42  22.13  4.11 16.71   8.02 13.42 26.02
 12   6.21  5.93 10.15   1.39 16.52 26.19   6.31  3.56 15.29  10.62 10.10 27.41
 13   6.75  3.14 15.04   8.16 22.88 22.93   8.50 14.94  9.16  12.58 11.27 10.75
 14   4.90  2.41 16.69  17.20 12.12 10.54   2.49  7.45 19.23  18.60 15.29 13.58
 15   4.45  3.55 12.33  25.88 36.40 28.42   8.38  5.41  8.35  26.44 10.71 13.33

 16  13.54  2.13 12.33  16.82 24.94  4.65   3.54 10.27  5.61  12.65 15.21 11.54
 17  13.06  7.21  6.55  16.92 14.79  4.90   1.79  9.71 21.88  15.71 19.33 16.66
 18   3.52 14.71 17.23  19.33 10.89  0.93   5.73 14.23 13.68  16.50 24.96 18.42
 19  15.89 24.01 24.01  17.41 21.55  1.17   3.79 19.78 12.38  14.62 25.38 28.06
 20  24.56  7.04 20.75  17.93 26.73 10.97   6.35  9.12 19.55  10.06 11.29 18.24

 21  32.62  8.69 22.82  19.45 36.71  0.88   3.26 24.98  7.45  20.46  8.65  7.03
 22  28.39 14.33 33.31  11.12 11.54  3.19   5.83 13.90  5.83  10.75  3.29 34.28
 23  21.92 13.17 11.74  10.69 18.51  6.41   7.10 13.59  2.97  13.74 15.19 11.44
 24  20.71 14.63 14.21  13.03 12.00  9.18   4.74 23.67 10.04  17.53 18.81 15.51
 25   8.21 15.06 18.56   7.59  9.00  4.98  32.40 13.35  8.61  20.44 15.58  9.12

 26  10.09  9.64 16.32  14.82 10.02 21.96   9.74 43.40 12.54  11.91 13.67 19.68
 27   7.07 30.59 23.52  10.92  6.81  9.68   4.54 30.96  3.14   8.25  5.47 15.04
 28  12.54 28.71 34.69   3.85  4.06 20.81   2.79 27.38  4.53   3.69  7.80  9.53
 29  21.40        7.22   2.83  6.29 27.08   3.70 25.61  6.88   3.60  7.10  7.02
 30  10.73        4.38   2.78  4.70 16.50  10.09 22.65  9.01   2.71 19.92  8.94

 31  13.67        1.28         5.00         6.37 11.96         3.91        8.77
================================================================================
Mean 12.44  9.32 14.02  10.27 12.48 10.40  10.20 14.37 10.27  11.61 14.42 16.19
--------------------------------------------------------------------------------
Yearly Mean = 12.20
