Kandilli Observatory
                              FLARE INDEX OF SOLAR ACTIVITY
                                        FULL DISK
      2004
--------------------------------------------------------------------------------
Day    Jan  Feb   Mar     Apr  May   Jun     Jul  Aug   Sep     Oct  Nov   Dec
================================================================================
  1   0.45  0.39  0.00   0.00  0.39  0.00   0.00  0.00  0.00   0.00  1.02  7.00
  2   0.37  0.00  0.00   0.00  1.24  0.00   0.00  0.82  0.00   0.00  0.52  3.31
  3   0.43  0.49  0.00   0.27  0.00  0.00   0.00  0.44  0.00   0.00  7.61  0.00
  4   1.20  2.56  0.38   0.00  0.00  0.00   0.00  0.00  0.00   0.00  3.14  0.00
  5   1.65  1.07  0.12   4.86  0.00  0.00   0.10  0.00  0.00   0.00  5.50  0.00

  6   0.18  0.00  0.23   4.43  0.00  0.00   0.35  0.00  0.00   0.00 20.64  0.00
  7   2.36  0.00  0.00   0.00  0.23  1.11   0.32  0.00  0.21   0.00  3.33  0.00
  8   4.72  0.95  0.00   4.34  0.00  0.20   0.27  0.90  0.17   2.26  4.38  0.70
  9   1.90  2.05  0.66   1.27  0.00  0.00   0.00  4.81  0.40   0.00  8.48  0.23
 10   3.36  0.00  0.12   0.74  0.00  0.00   0.00  0.29  0.17   0.00 37.72  0.00

 11   0.53  0.00  2.39   5.86  0.00  0.00   0.00  4.56  0.00   0.00  0.26  0.00
 12   0.70  0.00  1.10   0.34  0.17  0.00   0.69  4.93 14.48   0.00  0.00  0.00
 13   0.68  0.00  0.29   0.00  2.09  0.00   6.66  4.07  0.11   0.00  0.00  0.00
 14   0.00  0.04  0.00   0.09  0.00  0.00   2.77 18.01  6.23   0.00  0.00  0.00
 15   1.42  0.00  0.00   0.44  0.00  0.41   0.29  6.30  0.65   0.00  0.00  0.00

 16   0.33  0.14  0.00   0.00  0.00  0.00  20.23  5.97  0.34   0.00  0.60  0.00
 17   2.29  0.00  1.59   0.00  0.78  0.45   7.58  1.26  0.00   0.00  1.89  0.00
 18   0.97  0.00  3.05   0.00  1.99  0.81   6.61  1.45  2.64   0.00  0.00  0.00
 19   4.00  0.00  1.70   0.31  0.32  1.54   2.26  0.12  2.34   0.00  0.00  0.00
 20   4.77  0.00  0.12   0.99  0.00  0.96  12.94  0.98  0.00   0.92  0.00  0.00

 21   0.91  0.00  0.85   2.19  1.21  0.56   1.36  0.81  0.42   2.38  0.00  0.00
 22   0.00  4.53  4.01  10.63  0.41  1.08  13.59  0.00  1.81   1.89  0.00  1.07
 23   0.00  0.00  1.47   2.69  1.75  2.04   1.91  0.00  0.00   1.94  0.00  0.57
 24   0.00  0.31  1.22  13.83  0.22  1.15   2.81  0.00  0.00   4.82  0.83  0.00
 25   1.51  3.39  2.63   6.14  0.00  0.15  44.92  0.00  0.00   5.75  0.00  0.00

 26   0.00  9.83  0.00   0.85  0.92  2.04  19.31  0.21  0.00   0.26  0.00  0.00
 27   0.00  0.00  0.12   3.58  0.58  0.00   6.58  0.00  0.00   0.16  0.59  1.25
 28   0.00  0.00  0.59   0.00  0.25  0.00   1.70  0.00  0.00   2.01  0.00  0.92
 29   0.00  0.00  2.19   0.00  0.00  0.00   0.30  0.00  0.00   0.78  0.59  0.26
 30   0.00        6.00   0.42  0.00  0.68   0.00  0.14  0.00   4.04  2.00  6.62

 31   0.00        9.42         0.63         0.00  0.14         2.04        3.73
================================================================================
Mean  1.12  0.89  1.30   2.14  0.42  0.44   4.95  1.81  1.00   0.94  3.30  0.83
--------------------------------------------------------------------------------
Yearly Mean = 1.60

