
                              FLARE INDEX OF SOLAR ACTIVITY
                                        FULL DISK
      1989
--------------------------------------------------------------------------------
Day    Jan   Feb   Mar    Apr   May   Jun    Jul   Aug   Sep    Oct   Nov   Dec
================================================================================
  1  13.56 24.72 10.50   6.92  9.76 13.52   6.92  9.16 21.90   7.83  8.73 11.44
  2  14.35  7.94 13.37   4.08 31.50 27.53  13.88 11.84 25.32  18.97 17.31 17.83
  3  12.04  6.27  7.51  10.24 30.86 29.56  11.31 18.46 16.31  17.62 12.09  5.23
  4  17.93  6.73  6.92   2.57 23.51 34.87   6.35 24.57 21.69  19.67 10.94 14.96
  5   6.33 13.05  8.16  19.46 28.45 39.39  14.98 21.40 17.65  11.33 11.83 15.25

  6  10.31 10.27 43.37   5.38 24.93 17.13  19.49 31.88 13.99  10.63 22.71  5.55
  7  18.17  8.14 34.38  10.73 17.17 31.23  11.35 32.35 16.28   5.13 31.21 18.19
  8  17.18 40.88 17.75   7.75 15.81 16.12  12.76 25.91 33.83   2.45 65.72  9.33
  9  30.67 19.47 53.52  17.49  7.89 23.64  10.50 15.08 31.12  18.41 58.85  3.57
 10  22.86 38.63 53.13   2.77  3.83 27.58  12.80 21.38 40.50   6.39 27.90  2.82

 11  25.35 16.56 39.98   2.25  6.97 13.06   0.56 21.65 23.16  12.94 21.27  4.70
 12  24.15  8.04 30.51  17.40 16.48 19.41   7.91 27.91 22.20  24.37 27.07  2.82
 13  64.13 13.72 36.76   8.97 12.59 25.77  10.35 13.06 17.97  11.31  8.69  2.65
 14  33.19 17.29 58.21   7.06  8.33 25.17   2.00 51.21 11.47  12.17 13.60  4.74
 15  29.06 15.02 37.47   6.69  6.34 55.11   5.85 29.42 17.49  13.49 52.06  4.43

 16  33.53 25.18 49.31   3.71  8.22 54.29   2.12 18.35 18.85   9.52 26.25  2.76
 17  21.19  8.22 49.50   3.87 11.69 33.15   2.19 32.77 16.91   5.77  6.30  4.90
 18  38.05  3.48  9.49  10.31  4.48  9.76  14.02  4.89 24.19  53.79 12.11 12.06
 19  10.02 15.75  9.42  11.45  9.63 13.31  13.60 11.40 13.63  88.96 12.42 17.25
 20  12.84 11.97 41.79  12.70 15.46 32.23  11.15  8.46  7.64  22.92 12.45 14.06

 21  16.74 21.77 36.40  12.45 22.01 31.09  15.40  5.17 15.94  19.08 14.23  5.94
 22  14.79  9.34 19.27  14.42 30.58 18.75  17.36  9.35 13.65  41.48 12.64  4.56
 23  17.67 16.29 38.06   9.79 20.13 18.17  17.91  9.79  4.50  31.08 19.58 16.94
 24  22.63 12.80 12.04   7.75 17.27  7.56   1.41  8.74  6.09  39.68  6.50 15.51
 25  12.23 10.37  4.77   5.46 27.75  9.43   4.80  1.19  5.02   7.67 41.71 42.77

 26  22.33 13.40 21.25   6.51 12.46 22.99   7.09  8.87 24.72   1.42 32.42 35.32
 27  22.20 18.22 14.04  10.92  2.62 22.11   1.47  1.65 14.44   2.15 10.44 17.87
 28  24.10 27.25 11.44   8.97 11.64 21.30   7.77  3.97 15.36   5.13 15.46 25.43
 29  10.55        7.50   4.10 12.60 20.27   8.86 20.79 19.54   8.57 24.49 21.57
 30  23.44        3.54   5.82  8.89 14.25   5.02 28.64 29.82   4.43 36.53  9.25

 31  28.66       11.98         5.00         7.67 14.66         8.83       17.04
================================================================================
Mean 21.62 15.74 25.53   8.60 14.99 24.26   9.19 17.55 18.71  17.52 22.45 12.48
--------------------------------------------------------------------------------
Yearly Mean = 17.39

