Kandilli Observatory
                              FLARE INDEX OF SOLAR ACTIVITY
                                        FULL DISK
      1996
--------------------------------------------------------------------------------
Day    Jan  Feb   Mar     Apr  May   Jun     Jul  Aug   Sep     Oct  Nov   Dec
================================================================================
  1   0.00  0.48  0.00   0.00  0.00  0.00   0.00  0.36  0.00   0.00  0.00  1.74
  2   0.00  0.55  0.00   0.00  0.00  0.00   0.00  0.78  0.00   0.00  0.00  2.08
  3   3.58  0.00  0.00   0.00  0.00  0.00   0.00  1.16  0.00   0.00  0.00  0.00
  4   0.00  0.00  0.00   0.48  0.00  0.00   0.11  0.54  0.77   0.00  0.00  0.00
  5   1.77  0.00  0.00   0.00  0.00  1.12   0.00  0.83  0.00   0.00  0.00  0.00

  6   0.00  0.00  0.00   0.00  0.00  0.94   0.00  0.36  0.00   0.00  0.00  0.00
  7   0.00  0.00  0.00   0.00  0.23  1.51   1.36  0.00  0.00   0.00  0.00  0.00
  8   0.10  0.00  0.00   0.00  3.19  0.00   3.66  0.20  0.00   0.00  0.00  0.00
  9   0.00  0.00  0.00   0.00  0.70  1.19   9.28  0.55  0.00   0.00  0.00  0.76
 10   0.00  0.00  0.00   0.00  0.30  0.00   7.44  0.73  0.00   0.00  0.00  0.20

 11   0.00  0.00  4.04   0.00  1.81  0.46   3.11  0.00  0.00   0.00  0.00  0.92
 12   0.00  0.00  0.30   0.00  0.90  0.00   5.50  0.00  0.00   0.00  0.00  2.69
 13   0.00  0.00  0.00   0.00  0.00  0.00   0.00  0.00  0.00   0.00  0.00  1.02
 14   0.00  0.00  0.11   0.00  0.51  0.00   0.00  0.00  0.00   0.00  0.00  0.45
 15   0.00  0.00  0.00   0.00  0.00  0.00   0.00  0.00  0.00   0.00  0.00  0.00

 16   0.00  0.00  0.00   0.00  0.00  0.00   0.00  0.00  0.00   0.00  0.00  0.36
 17   0.00  0.00  0.00   0.19  0.00  0.00   0.00  0.00  0.00   0.00  0.00  0.00
 18   0.00  0.00  0.00   0.00  0.17  0.00   0.00  0.00  0.00   0.00  0.00  0.12
 19   0.00  0.00  0.00   0.00  0.00  0.00   0.00  0.00  0.00   0.00  0.00 10.80
 20   0.00  0.00  0.00   0.73  0.00  0.10   0.00  0.00  0.00   0.00  0.00  0.23

 21   0.00  0.00  0.00   7.20  0.00  0.00   0.00  0.00  0.00   0.00  0.50  0.25
 22   0.00  0.00  0.15  11.48  0.00  0.00   0.00  4.21  0.00   0.00  0.41  0.00
 23   0.00  0.00  0.64   0.52  0.00  0.22   0.00  0.00  0.00   0.00  1.18  0.19
 24   0.00  0.00  0.00   0.00  0.00  0.00   0.00  0.00  0.00   0.00  1.29  0.00
 25   0.00  0.00  0.00   0.00  0.00  0.00   0.00  0.33  0.00   0.00 12.17  0.00

 26   0.00  0.00  1.73   1.35  0.00  0.00   0.00  2.81  0.00   0.00  1.88  0.00
 27   0.00  0.00  0.00   0.00  0.00  2.39   0.00  0.00  0.17   0.00  0.74  0.00
 28   0.00  0.00  0.00   0.00  0.00  0.00   0.00  0.34  0.00   0.00  1.59  0.00
 29   0.00  0.00  0.00   0.00  0.00  0.00   0.34  0.00  0.00   0.00  3.33  0.00
 30   0.00        0.00   0.00  0.00  0.00   0.36  0.00  0.00   0.00  9.13  0.00

 31   0.28        0.00         0.00         0.99  1.30         0.00        0.00
================================================================================
Mean  0.18  0.04  0.22   0.73  0.25  0.26   1.04  0.47  0.03   0.00  1.07  0.73
--------------------------------------------------------------------------------
Yearly Mean =     0.42
