
                              FLARE INDEX OF SOLAR ACTIVITY
                                       FULL DISK
      1987
--------------------------------------------------------------------------------
Day    Jan   Feb   Mar    Apr   May   Jun    Jul   Aug   Sep    Oct   Nov   Dec
================================================================================
  1   3.78  0.00  1.73   0.65  3.32  0.00   0.19  0.64  5.38   0.66  3.52  0.00
  2   0.00  0.00  0.99   0.19  6.13  1.25   0.00  5.90  1.56   1.45 11.74  0.13
  3   0.00  0.00  0.00   1.86  0.00  0.00   0.00  3.40  5.83   5.42 10.40  0.15
  4   0.00  0.00  0.73   0.36  0.00  0.00   0.00  2.75  1.82   4.45 10.87  0.23
  5   0.00  0.00  1.46   3.26  1.73  0.00   0.00  3.04  1.77   2.07  5.82  0.55

  6   0.00  0.00  1.36   8.99  2.79  0.10   0.00  1.11  3.46   3.38 18.79  1.21
  7   0.00  0.00  0.73   8.40  2.69  0.00   0.00  8.60  7.75   4.60  3.69  0.00
  8   0.00  0.00  4.56   4.25  0.83  0.00   0.21 13.18  6.46   1.53  0.00  1.35
  9   0.00  0.00  0.19   6.66  0.00  0.00   2.44  6.67  1.26   6.59  0.81  1.31
 10   0.00  0.00  0.00   8.47  0.24  0.00   0.13  3.68  5.21   1.51  1.20  4.53

 11   0.00  0.00  0.00   3.70  1.60  0.00   0.00  4.58 11.50   0.27  5.67  0.00
 12   0.00  0.00  0.00   4.85  0.00  0.00   0.00  2.06  5.00   3.49  4.94  1.13
 13   0.00  0.00  2.38   1.44  1.87  0.00   0.00  7.08  2.09   2.17  4.60  0.00
 14   0.00  0.00  2.68   0.96  1.40  0.95   0.00  1.02  3.73   1.61  0.81  0.59
 15   0.00  0.00  0.15  13.36  1.60  0.00   0.13  0.73  4.96  10.85  0.35  1.16

 16   0.00  0.23  0.00  19.21 12.47  3.02   1.25  1.31  1.54  10.79  1.47  3.87
 17   0.92  0.00  0.73   6.15  7.04  0.00   0.54  1.08  9.68  16.21  1.89  2.91
 18   0.50  0.00  0.83   9.88  8.39  0.31   1.08  1.00  1.65   8.44 16.79  0.35
 19   0.00  0.00  1.50   0.79  5.31  0.42   0.00  4.16  5.23   2.61 13.11  0.07
 20   0.00  0.00  4.33   0.94  6.78  1.00   4.87  2.63  3.96   2.29 19.27  0.00

 21   1.90  0.00  3.63   0.00 10.13  1.80   2.27  1.92  2.33   4.53 11.00  2.73
 22   4.11  0.00  1.83   1.91  7.69  2.65   7.02 11.25  0.23   0.35  5.40  1.09
 23   1.81  0.00  0.67   0.36  2.96  2.73  12.59 13.06  0.21   0.38  3.52  1.77
 24   0.00  0.00  0.00   8.08 10.94  3.81  10.78  2.97  0.00   1.01 12.58  0.63
 25   0.81  0.00  1.95   2.45 15.32  1.62   9.08  5.78  0.00   1.27  1.04  5.12

 26   1.33  0.00  0.00   0.00  3.57  3.92   6.04  3.09  0.73   0.54 10.70 11.45
 27   0.00  0.00  0.34   0.32  2.48  7.10   9.64  1.15  0.34   0.65  1.11  3.58
 28   0.00  4.56  0.00   0.00  1.58  1.61   1.58  0.04  2.65   8.48  0.94  4.27
 29   0.00        0.00   0.00  0.25  0.00   1.74  0.09  1.58   0.14  0.86  2.33
 30   0.00        0.00   0.44  0.17  1.09   2.59  0.00  0.40   4.74  4.37  5.89

 31   0.00        0.77         0.13         2.10  0.52         0.14        1.19
================================================================================
Mean  0.49  0.17  1.08   3.93  3.85  1.11   2.46  3.69  3.28   3.63  6.24  1.92
--------------------------------------------------------------------------------
Yearly Mean 2.66

