Kandilli Observatory
                              FLARE INDEX OF SOLAR ACTIVITY
                                        FULL DISK
      2003
--------------------------------------------------------------------------------
Day    Jan  Feb   Mar     Apr  May   Jun     Jul  Aug   Sep     Oct  Nov   Dec
================================================================================
  1   1.11  1.48  0.55   2.31  8.81  0.74   0.68  0.00  0.00   3.33  7.21  0.00
  2   0.13  1.16  1.44   2.34  2.49  6.27   6.60  9.95  0.00   4.88 30.47  0.21
  3   5.17  0.00  0.00   3.52  0.46  0.58   3.70  3.28  0.17   1.12 15.79  0.00
  4   4.42  0.56  0.00  10.54  1.68  0.11   8.70  0.19  0.07   0.24 12.09  0.26
  5   2.44  0.57  0.73   3.03  0.92  0.74   1.81  0.80  0.00   0.90  0.41  0.11

  6   0.79  6.86  0.00   0.57  0.12  5.97   2.43  0.00  0.00   0.00  0.00  0.00
  7   5.49  1.85  0.35   0.00  0.43  0.92   0.36  0.75  1.69   1.85  0.00  0.00
  8  10.05  0.00  1.19   0.31  0.00 12.75   3.63  0.10  0.00   0.00  0.00  0.00
  9   9.12  0.42  0.82   0.91  0.00 12.32   8.74  0.13  0.00   0.43  0.00  0.00
 10   0.83  0.00  0.45  13.17  0.16 35.85   0.63  0.91  0.53   0.00  0.20  0.00

 11   5.87  1.21  2.11   0.00  0.00 23.15   0.07  0.00  0.00   0.00  1.55  0.00
 12   2.08  5.43  0.64   0.00  0.00 16.02   0.62  1.78  0.09   0.00  0.00  0.00
 13   2.43  0.96  2.42   0.27  0.00  3.71   1.35  3.02  1.36   0.00  0.00  0.00
 14   0.17  1.16  0.00   0.61  0.00  0.85   0.75  2.08  0.82   0.00  0.00  0.09
 15   0.69  0.09  2.32   0.00  0.00  0.79   0.00  1.52  1.06   0.17  0.86  0.00

 16   6.85  0.00  6.77   0.00  0.27  0.53   1.32  0.59  1.02   0.18  1.23  0.00
 17   0.15  0.00  4.95   0.14  0.15  2.08   7.53  0.93  0.81   0.00  9.55  0.55
 18   0.50  1.57 45.54   0.00  0.57  1.55   2.97  0.84  0.81   3.10 16.67  1.23
 19   1.28  6.61 19.48   0.15  2.56  0.00   2.09  6.72  0.21   9.37  6.67  2.21
 20   0.77  2.13  1.35   0.63  0.91  0.82   5.33  0.00  0.56   9.87 22.94  0.68

 21   2.53  6.74  0.86   2.96  0.00  0.87   6.20  0.00  0.00   4.00  1.16  0.84
 22   1.83  1.10  0.00   1.39  5.72  0.29   4.46  0.33  0.21  10.34  0.45  1.71
 23   8.15  0.00  0.00   5.37  0.48  0.27   2.38  0.35  0.37   7.95  0.92  2.74
 24   4.87  2.17  0.00   3.45  1.33  2.01   0.00  1.12  2.89  10.05  0.32  1.80
 25   1.31  0.32  1.52   3.92  2.00  0.21   0.00  3.13  0.36  16.84  0.44  5.17

 26   1.51  0.09  1.34   5.00 17.72  0.00   0.26  1.60  0.69  71.62  0.30  3.54
 27   1.64  0.00  2.71   5.58 43.83  0.00   0.08  4.37  1.69  28.61  5.14  0.00
 28   0.00  0.97  0.00   0.80  1.06  0.00   0.75  1.52  1.15 144.33  0.25  0.00
 29   1.13        4.63  11.37  0.13  0.95   1.14  0.15  2.68  31.88  1.27  0.00
 30   0.17        0.32   0.23 17.08  5.79   4.20  1.92  3.83   8.20  0.00  0.00

 31   0.00        0.84        25.96         0.12  1.38         6.03        0.00
================================================================================
Mean  2.69  1.55  3.33   2.62  4.35  4.54   2.55  1.59  0.77  12.11  4.53  0.68
--------------------------------------------------------------------------------
Yearly Mean = 3.46

