
                              FLARE INDEX OF SOLAR ACTIVITY
                                       FULL DISK
       1984
--------------------------------------------------------------------------------
Day    Jan  Feb   Mar     Apr  May   Jun     Jul  Aug   Sep     Oct  Nov   Dec
================================================================================
  1   0.35 17.21  5.38  17.44 13.78  6.77   0.00  0.35  0.71   0.00  0.00  1.54
  2   2.85 12.71  9.11   4.81  9.98  0.76   0.67  0.36  4.02   0.00  0.59  1.43
  3   1.17  8.65  4.34  12.61  7.90  5.90   0.48  1.22  4.96   0.00  0.40  0.00
  4   1.03  2.21  1.95   9.76  1.56  0.70   9.37  1.04  5.25   0.00  0.41  1.81
  5   1.27  1.46  0.93   9.92 11.71  3.10   1.93  2.39  2.63   1.24  0.00  1.48

  6   1.13  8.31  4.04  19.28  4.19  0.00   1.90  1.06  5.75   0.88  0.00  2.44
  7   0.00  7.95  2.47   5.40  4.70  0.74   4.20  6.01  5.29   0.00  0.24  1.63
  8   0.19 24.74  6.12   1.62  3.67  7.16   8.08  0.34  3.38   0.00  0.00  6.88
  9   0.18 15.17  3.68   1.64  6.79  4.56   0.61  0.00  0.00   0.00  2.06  0.10
 10   4.10 19.84  1.37   3.89 37.25  0.31   4.06  0.19  0.00   0.00  8.00  3.58

 11  17.46 13.77  2.22   8.29 11.69  1.85   3.38  2.49  0.00   0.00  2.83 14.20
 12   8.21  7.60 16.56   8.46 12.44  4.94   1.79  0.71  0.00   2.85  3.58  0.69
 13  10.22  3.09  6.81   4.78  2.81  1.20   4.30  0.00  0.00   0.87 15.95  0.00
 14   1.92  3.33 15.09   3.94  7.93 12.07   1.31  3.18  0.00   0.69  0.00  0.25
 15   0.76  1.00  7.09   4.67 11.11  7.08   0.73  0.78  0.00   1.57  0.00  3.34
 16   2.61  2.16 12.52   1.44  5.48  4.52   4.87  0.28  0.00   0.75  0.00  2.78

 17   1.04  8.40  9.81   7.57  8.28  2.98   4.35  6.94  0.00   1.78  1.79  2.48
 18   3.67  8.21 10.56   8.70 12.19  0.00   2.75  8.38  0.68   0.15  0.22  0.00
 19   4.77  5.94  7.78   9.00 12.52  1.67   4.19  1.42  0.00   0.31  0.00  0.24
 20  13.31  8.36 12.65  26.18 17.92  1.68   9.44  0.00  0.00   0.00  0.00 10.79

 21   2.48  7.86 15.76  17.09 42.09  4.98   0.65  1.31  0.65   0.89  1.58  0.93
 22   2.79 20.78 10.29  16.20 11.10  8.34   1.91  0.33  0.00   0.77  3.33  0.00
 23   8.25 13.62  5.04  18.63 10.57 11.42   1.08  0.00  0.13   0.00  0.71  5.29
 24   4.86 27.88  1.33  40.38  8.06  0.36   0.00  4.92  0.00   0.48  3.69  0.00
 25  21.79 31.10  0.00   7.23 17.50  1.94   0.00  5.09  0.00   0.00  5.92  0.22

 26  18.81 23.31  2.58  37.04 12.42  1.56   0.00 14.11  0.00   0.00  6.22  0.00
 27  17.35 12.16  9.90  32.35  1.44  0.64   0.79  6.42  0.15   0.00 12.58  0.18
 28   7.30  4.78  6.88  12.42  2.65  1.53   0.54  5.38  0.00   0.00 10.98  0.00
 29   9.98  9.64 11.87  21.11 10.94  2.83   0.00  3.13  0.00   0.00  0.63  0.00
 30  12.46        9.65  12.42  6.04  7.23   1.96  1.83  0.00   0.00  1.17  0.14

 31  18.58        9.33         8.72         1.03  5.31         0.00        0.00
================================================================================
Mean  6.48 11.49  7.20  12.81 10.82  3.63   2.46  2.74  1.12   0.43  2.76  2.01
--------------------------------------------------------------------------------
Yearly Mean = 5.29
