
                              FLARE INDEX OF SOLAR ACTIVITY
                                        FULL DISK
      1988
--------------------------------------------------------------------------------
Day    Jan   Feb   Mar    Apr   May   Jun    Jul   Aug   Sep    Oct   Nov   Dec
================================================================================
  1   1.65  4.06  6.60   6.14  1.51 14.33   9.24 15.40  3.54   8.79 11.30  4.19
  2  33.66  0.53  7.48   3.47  5.46  5.59  23.21 13.23  2.28   8.19 14.58  8.25
  3   2.07  3.01  6.17   3.38  5.32  6.65   8.33 15.89  7.52  28.48 10.42  3.47
  4   0.28  1.14  5.52   0.69  9.15  7.00   1.89  6.30  3.91  11.72  8.06  0.76
  5   0.14  4.78  5.29   1.24  4.63 12.05   6.42  5.04  4.29   6.25  3.90  2.25
 
  6   2.69  0.51  4.70   2.06  2.16 10.04   7.60  6.03  1.83   9.21 13.95 11.27
  7   5.13  2.96  3.15   7.20  0.74  8.10   9.64  2.64  3.29   7.12  5.02  7.72
  8   3.57  1.87  2.27  14.55  0.73  9.23   8.71  5.50  4.67   1.85 10.23  2.46
  9  12.08  1.72  2.94   6.00  1.21  9.75  11.34 10.35  1.43   4.11 13.24 10.22
 10   3.92  0.42  3.15   1.79  0.95  5.54   5.42  9.85  0.83   3.37  9.85 13.01

 11   5.87  1.23  6.21  14.81  5.98  5.60   5.83  4.62  3.21   5.46 12.12 18.29
 12   4.40  0.90  9.56  10.15  0.19 10.10  15.38  5.19  3.45  16.92 15.77 18.07
 13   8.79  0.00 10.85  12.41  0.00  0.23  11.85  2.16 11.56   7.13 34.77  6.33
 14  15.48  2.56  8.29  16.29  0.43  0.00   3.41  1.55  4.81   2.19 36.69 22.50
 15   8.46  0.79 14.15  17.54  2.41  8.05   3.33  1.66  2.92   6.10 26.31 18.31

 16   5.55  2.50 18.90   5.84  1.94  6.31   6.86  5.56  4.35   5.10 39.22 50.95
 17   0.41  0.78 11.83   6.19  2.88  8.72   2.39  7.97  8.29   7.21 23.84 28.56
 18   2.41  1.04 12.42  10.77  0.39  4.60   7.31  1.67  5.44  10.75  8.89 21.12
 19   2.81  0.54  8.10  11.41  0.49  5.23   6.79  2.68  5.52   7.37  9.49 21.22
 20   5.05  4.37 11.38   8.04  4.57  5.30   4.63  1.03 15.11   5.63  8.52 18.88

 21   1.86  0.13  9.72   9.77  9.52 20.99   6.13  0.17 11.27   6.85 17.54 11.23
 22   0.00  0.71  4.83   7.33  7.27  8.50  11.42  0.92 34.87   9.71 14.38 19.90
 23   0.60  0.32 13.56   0.67  9.60 13.00   4.25 26.17 23.33  11.94  4.71  5.48
 24   4.65  0.44 20.52   1.23  4.60 36.90  20.10  6.65 22.79   4.93  4.17  5.06
 25   1.93  1.24  8.38   2.44  9.81 16.07   8.90  9.98 18.60   2.58  1.04  9.59

 26   3.53  0.00  2.33   2.63  8.75  6.34  20.61  3.99 11.71   2.42  7.80 14.68
 27  11.38  5.48  0.33   0.36  9.39 12.78   4.55 13.19 26.77   3.29  9.65 12.16
 28   5.96  6.08  2.40   0.00  7.15 20.79  10.73  4.37 15.31  12.55  7.99 28.94
 29   2.12  3.14  7.08   0.54  7.06 28.78  14.70  8.22  9.40  18.54  4.66 14.60
 30   1.64        3.63   4.56  9.10 10.75  16.23 13.21 19.52   3.06 18.02 30.64

 31   0.07        3.71         4.94        11.69 11.40         1.44        4.12
================================================================================
Mean  5.10  1.84  7.59   6.32  4.46 10.58   9.32  7.18  9.73   7.75 13.54 14.33
--------------------------------------------------------------------------------
Yearly Mean = 8.14
