
                              FLARE INDEX OF SOLAR ACTIVITY
                                      FULL DISK
      1995
--------------------------------------------------------------------------------
Day    Jan  Feb   Mar     Apr  May   Jun     Jul  Aug   Sep     Oct  Nov   Dec
================================================================================
  1   0.00  6.94  0.00   0.00  0.00  0.00   1.32  0.21  0.00   0.00  0.00  0.00
  2   0.48  1.08  0.00   0.90  0.00  0.00   0.00  0.73  0.00   0.00  0.00  0.56
  3   0.09  5.17  0.89   0.00  0.00  1.01   0.00  0.00  0.08   0.00  0.00  0.00
  4   0.00  9.13  0.32   0.00  0.00  3.59   0.00  0.27  5.37   0.00  0.00  0.00
  5   0.00  3.46  0.10   0.75  0.00  6.62   0.00  2.25  7.83   0.00  0.00  0.00

  6   0.00  3.44  2.33   0.00  0.00  1.33   0.00  0.00  0.00   0.00  0.00  0.00
  7   0.00  1.00  0.52   0.00  0.00  0.31  12.00  0.00  0.00   0.08  0.00  0.00
  8   0.00  0.67  1.91   0.00  0.00  3.70   1.86  0.00  0.00   1.41  0.00  0.00
  9   0.00  0.87  0.08   0.65  0.00  0.00   1.04  0.00  0.00   3.50  2.29  0.00
 10   0.00  0.00  0.00   0.00  0.00  0.10   0.27  0.00  0.00   5.96  1.04  0.00

 11   0.00  0.61  0.00   0.39  0.00  0.00   0.00  0.00  0.00   2.69  0.00  0.00
 12   0.00  0.15  0.00   7.88  0.38  0.44   1.49  1.50  0.36   7.03  0.00  1.35
 13   0.00  0.10  0.00   2.13  2.61  0.27   0.93  0.00  0.00   4.46  0.00  0.20
 14   0.00  0.08  0.96   0.14  0.86  0.00   0.56  0.00  0.00  10.63  0.00  0.00
 15   0.60  0.23  0.41   0.56  1.38  0.00   0.00  0.00  0.00   0.38  0.00  0.00

 16   0.65  0.18  4.15   0.11 13.78  0.00   0.00  0.00  0.00   0.83  0.48  0.00
 17   0.00  1.26  0.00   0.21  2.15  0.00   0.00  0.00  0.00   0.78  0.00  0.00
 18   1.05  2.19  0.48   0.00  0.63  0.30   1.08  1.05  5.51   0.79  0.15  0.00
 19   0.00  3.67  0.00   3.09  3.08  0.00   0.00  0.27  0.00   0.82  0.00  0.00
 20   3.21  8.29  4.27   0.33  0.00  0.00   0.00  0.36  2.10   7.54  0.00  0.00

 21   4.10  0.80  1.13   0.67  0.30  0.22   0.49  0.36  0.15   4.04  0.00  0.00
 22   0.15  0.25  1.78   2.56  0.00  0.00   0.00  0.00  3.52   0.24  0.22  0.00
 23   3.07  0.20  0.67   0.00  0.00  0.75   0.00  0.53  0.00   0.02  0.00  0.00
 24   6.05  0.00  0.58   0.00  0.00  0.00   0.00  2.00  0.00   0.08  0.00  0.00
 25   0.72  0.32  0.25   0.00  0.00  0.00   0.00  0.69  0.18   0.00  0.00  0.00

 26   4.57  7.35  2.13   0.00  0.00  0.00   0.00  0.50  0.49   0.00  0.00  0.00
 27   4.52  0.00  2.61   0.00  0.00  0.00   0.00  0.29  0.15   0.00  0.00  0.36
 28   1.67  0.32  1.15   0.00  0.17  0.39   0.00  1.36  0.00   0.00  1.46  0.00
 29   1.21        1.44   0.00  0.18  1.24   0.00  0.00  0.00   0.00  0.00  0.25
 30   3.54        0.42   0.00  0.00  3.40   0.00  0.60  0.00   0.00  0.00  0.00

 31   4.00        0.00         0.00         0.00  0.28         0.00        0.00
================================================================================
Mean  1.28  2.06  0.92   0.68  0.82  0.79   0.68  0.43  0.86   1.65  0.19  0.09
--------------------------------------------------------------------------------
Yearly Mean = 0.86
