Kandilli Observatory
                              FLARE INDEX OF SOLAR ACTIVITY
                                       FULL DISK
      1998
--------------------------------------------------------------------------------
Day    Jan  Feb   Mar     Apr  May   Jun     Jul  Aug   Sep     Oct  Nov   Dec
================================================================================
  1   2.87  0.00  1.05   3.88 14.83  0.50   3.92  2.40 13.43   0.67  1.56  4.98
  2   1.35  0.37  2.99   3.45 28.59  0.45   1.16  1.71  2.36   0.43  8.39  3.42
  3   0.54  0.00  6.44   4.05  9.83  3.58   1.54  0.14  9.30   0.50  4.85  2.36
  4   0.31  0.00  1.72   5.02  9.85  2.01   9.19  1.64  0.69   0.98 13.55  0.99
  5   0.00  0.00  4.54   2.41 22.72  1.54  14.25  1.69  3.42   0.65 41.33  0.68

  6   0.00  0.79  0.30   4.49 20.22  0.65   0.02  6.73  3.91   0.00  9.85  3.04
  7   0.00  0.60  0.00   0.00 10.53  2.25   1.35  9.22  0.36  15.29  4.42  3.05
  8   2.37  0.20  0.11   5.88  6.41  5.58   0.50  4.29  4.28   4.15 40.63 23.78
  9   0.00  0.00  0.44   2.95  2.90  0.50   2.06 11.75  4.33   2.81  6.00  7.11
 10   0.13  0.09  0.00   2.27  1.13  1.12   2.45  6.96  4.64   0.61  3.91  1.85

 11   0.00  0.25  1.11   8.89  3.73  0.77   1.64  0.32 10.71   1.85  1.46  5.31
 12   2.95  2.06  0.17   0.63  3.17  3.59   0.00  1.04  2.99   0.72  2.37  4.54
 13   1.41  0.14  1.72   1.31  1.98  5.17   0.62  3.91  7.58   2.33  1.50  3.15
 14   4.00  2.29  3.12   0.25  4.54  2.15   4.29  5.08  0.90   3.94  1.40  2.44
 15   5.08  7.04 12.06   5.27  0.96  0.10   5.21  1.48  0.43   0.77  0.09  1.33

 16   1.12  0.00 22.84   0.85  1.54  0.48   6.23  0.85  0.00   4.85  0.00  3.44
 17   0.51  3.18  3.15   0.00  0.00  2.16   1.28  1.75  0.00   4.93  0.39  9.39
 18   0.61  7.92  6.23   0.38  0.00  1.24   0.00 11.72  2.72   3.02  0.00 19.90
 19   0.26  1.88 10.21   0.99  0.00  1.32   2.69  5.40  1.68   4.36  0.00  1.58
 20   0.00  3.99  0.00   0.00  0.00  3.98   4.34  6.70 12.70   2.09  0.00  3.45

 21   0.00  0.00  0.32   0.28  0.00  1.60   1.89  1.16  6.28   0.67  0.00  3.01
 22   0.60  0.27  2.25   1.29  0.00  2.52   1.24 16.53  1.22   2.30  0.09  1.79
 23   0.21  0.21  0.28   0.11  0.32  3.56   3.14  7.53 28.10   1.57  5.00  1.95
 24   0.00  2.27  1.61   0.00  1.51  4.30   6.11 34.06  2.73   0.53  1.37  6.86
 25   2.41  0.00  1.17   7.44  0.00  2.82   2.59  0.18  5.56   0.69  3.38  1.99

 26   2.46  0.99 13.72   0.11  0.94  1.50   1.92  0.00  3.39   0.23  2.82  7.44
 27   0.00  0.00 16.92  26.95 11.06  7.24   0.68  1.27  5.95   0.00 16.07  3.28
 28   0.00  0.44  1.63   1.65  2.47  2.52   2.08  0.26  1.61   0.98 43.66 22.56
 29   0.43        0.55  55.99  2.05  4.62   0.41  1.59  1.27   0.35  3.10 13.67
 30   0.11        1.25   9.88  0.00  2.25   0.29 15.41 11.01   0.00  3.38  6.04

 31   0.00        4.03         0.44        11.32 10.77         0.04        4.33
================================================================================
Mean  0.96  1.25  3.93   5.22  5.22  2.40   3.05  5.60  5.12   2.01  7.35  5.76
--------------------------------------------------------------------------------
Yearly Mean = 4.00

