Kandilli Observatory
                              FLARE INDEX OF SOLAR ACTIVITY
                                       FULL DISK
2009
--------------------------------------------------------------------------------
Day    Jan   Feb   Mar    Apr   May   Jun    Jul   Aug   Sep    Oct   Nov   Dec
================================================================================
  1   0.00  0.00  0.00   0.00  0.00  0.00   0.00  0.00  0.00   0.00  0.00  0.00
  2   0.00  0.00  0.00   0.00  0.00  0.00   0.00  0.00  0.00   0.00  0.00  0.00
  3   0.00  0.00  0.00   0.00  0.00  0.00   0.00  0.00  0.00   0.00  0.00  0.00
  4   0.00  0.00  0.00   0.00  0.00  0.00   0.40  0.00  0.00   0.00  0.00  0.00
  5   0.00  0.00  0.00   0.00  0.00  0.00   0.23  0.00  0.00   0.00  0.00  0.00

  6   0.00  0.00  0.00   0.00  0.00  0.00   0.46  0.00  0.00   0.00  0.00  0.00
  7   0.00  0.00  0.00   0.00  0.00  0.00   0.07  0.00  0.00   0.00  0.00  0.00
  8   0.00  0.00  0.00   0.00  0.00  0.00   0.00  0.00  0.00   0.00  0.00  0.00
  9   0.00  0.00  0.00   0.00  0.00  0.00   0.00  0.00  0.00   0.00  0.00  0.00
 10   0.00  0.00  0.00   0.00  0.00  0.00   0.00  0.00  0.00   0.00  0.00  0.00

 11   0.00  0.00  0.00   0.00  0.00  0.00   0.00  0.00  0.00   0.00  0.00  0.00
 12   0.00  0.00  0.00   0.00  0.00  0.00   0.00  0.00  0.00   0.00  0.00  0.00
 13   0.00  0.00  0.00   0.00  0.00  0.00   0.00  0.00  0.00   0.00  0.00  0.00
 14   0.00  0.00  0.00   0.00  0.00  0.00   0.00  0.00  0.00   0.00  0.00  0.07
 15   0.00  0.00  0.00   0.00  0.00  0.00   0.00  0.00  0.00   0.00  0.00  0.00

 16   0.00  0.00  0.00   0.00  0.00  0.00   0.00  0.00  0.00   0.00  0.00  1.48
 17   0.00  0.00  0.00   0.00  0.00  0.00   0.00  0.00  0.00   0.00  0.00  0.10
 18   0.00  0.00  0.00   0.00  0.00  0.00   0.00  0.00  0.00   0.00  0.00  0.00
 19   0.00  0.00  0.00   0.00  0.00  0.00   0.00  0.00  0.00   0.00  0.00  0.29
 20   0.00  0.00  0.00   0.00  0.00  0.00   0.00  0.00  0.00   0.00  0.00  0.00

 21   0.00  0.00  0.00   0.00  0.00  0.00   0.00  0.00  0.00   0.00  0.00  0.48
 22   0.00  0.00  0.00   0.00  0.00  0.00   0.00  0.00  0.00   0.00  0.00  0.94
 23   0.00  0.00  0.00   0.00  0.00  0.00   0.00  0.00  0.00   0.00  0.00  0.59
 24   0.00  0.00  0.00   0.00  0.00  0.00   0.00  0.00  0.00   0.00  0.00  0.00
 25   0.00  0.00  0.00   0.00  0.00  0.00   0.00  0.00  0.00   0.00  0.00  0.24

 26   0.00  0.00  0.00   0.00  0.00  0.00   0.00  0.00  0.00   2.47  0.00  0.00
 27   0.00  0.00  0.00   0.00  0.00  0.00   0.00  0.00  0.00   0.35  0.00  0.00
 28   0.00  0.00  0.00   0.00  0.00  0.00   0.00  0.00  0.00   0.40  0.00  0.00
 29   0.00        0.00   0.00  0.00  0.00   0.00  0.00  0.00   0.00  0.00  0.00
 30   0.00        0.00   0.00  0.00  0.00   0.00  0.00  0.00   0.00  0.00  0.00
 31   0.00        0.00         0.00         0.00  0.00         0.00        0.00
--------------------------------------------------------------------------------
Mean  0.00  0.00  0.00   0.00  0.00  0.00   0.04  0.00  0.00   0.10  0.00  0.13
--------------------------------------------------------------------------------
Yearly Mean =   0.02


