
                              FLARE INDEX OF SOLAR ACTIVITY
                                       FULL DISK
       1981
--------------------------------------------------------------------------------
Day    Jan  Feb   Mar     Apr  May   Jun     Jul  Aug   Sep     Oct  Nov   Dec
================================================================================
  1   6.19 12.98 22.52  22.00  8.26  3.84   5.34 16.26 26.62  12.07 12.89 20.48
  2   3.73 13.96 30.28   7.11 14.06  6.21  23.44  7.90 18.90  15.79 10.00 13.81
  3   9.90  9.67 29.49  24.47 10.06 10.04  48.00 15.17 20.46  26.97 12.08 13.02
  4   5.63 13.17 22.21  20.98 17.29  7.00   6.76 25.85  8.38  10.54 31.39 11.89
  5   6.88 17.85 30.54  22.10 37.15  4.62   4.94  9.69 25.88  14.52 16.71 17.50

  6   5.16 28.89  5.17  10.93 10.77  8.42   0.62 21.65 20.15  20.54 20.98 15.47
  7   7.41 11.78  9.33  20.46 14.85  4.37   2.04 22.33 18.77  16.36 19.12 21.18
  8  12.40 12.29 25.74  43.04 37.01  6.34   5.27  6.22 18.88  19.17  7.61 20.04
  9  10.98 19.32 15.65  40.45 15.96 12.43   9.72  7.63 29.57  23.63 28.05 47.69
 10   8.21 10.44 13.48  63.00 10.92 11.33   8.58 10.15 15.80  32.00 12.84 23.59

 11  14.14 12.65  8.94  43.88 28.67 12.02  16.10 25.46 14.23  47.84 16.18 15.68
 12   9.70 17.75 11.98  33.06 18.85 13.57  20.63 26.85 15.21  37.91  8.92 18.52
 13   9.25 21.58 30.63  48.60 45.27 10.69   7.59 20.88 12.06  25.51 27.34  7.33
 14   8.46 16.09 18.12  24.73 26.05 10.13  12.52 23.14  4.15  30.79 26.29  9.10
 15   4.85 11.50  7.44  41.50 13.70  5.44  21.33  8.14 20.71  13.90 12.51 10.11

 16   4.32 11.38 14.01  27.84 34.82 15.73  23.27 13.98  8.33  44.15  6.48  3.38
 17   6.56 25.76 10.83  31.24  3.77 19.08  31.83 14.33 12.05  27.20 10.17  4.85
 18   2.94 14.90  8.96  36.42 14.75 16.00  35.61 15.02  9.94  32.70 17.56  2.88
 19   4.23 15.55  8.12  26.33 10.08  9.61  50.30 25.63  9.21  27.90  4.21  0.77
 20   4.24 14.57 19.37  29.38  6.48 10.82  22.68 30.92  9.21  25.56  5.06  1.96

 21   2.57 15.15 30.94  14.94  9.00 11.63  11.81 30.25  9.60  19.87  6.92  0.77
 22   6.37 11.19 18.53  18.69  8.67 11.21  27.31 18.27  8.08  10.23 16.52  3.91
 23   6.27 15.68 24.66   8.65  4.93 22.54  16.52 14.56  4.89   3.76  9.08  1.59
 24  11.71 30.31 24.35  80.02 22.29 24.21  15.08 15.32  6.86  17.83 11.72  5.94
 25  17.90 10.93 24.19  26.75 12.22 32.04  20.21 21.29 11.31   7.42 16.53  6.33

 26  25.25 47.54 12.38  34.85  5.56 27.61  38.58 29.67  6.40   1.11 17.32  4.26
 27  20.77 12.99 16.16  11.52  9.12 21.89  29.85 51.29 17.13   9.91 12.66 25.48
 28  24.71 10.66 25.54  21.84  5.31 11.38  13.79 22.35 14.71   7.61 15.13 20.72
 29   9.26       21.80   8.77  4.27 19.04  12.88 30.58 12.67   4.08 13.43 10.00
 30  14.78       21.10   4.50  6.33  4.15  25.15 31.52 17.35   7.09 23.70 19.52

 31  12.60       13.19         4.35        26.87 21.77        17.23        4.89
================================================================================
Mean  9.59 16.66 18.57  28.27 15.19 12.78  19.18 20.45 14.25  19.72 14.98 12.34
--------------------------------------------------------------------------------
Yearly Mean = 16.83
