Kandilli Observatory
                              FLARE INDEX OF SOLAR ACTIVITY
                                        FULL DISK
      2006
--------------------------------------------------------------------------------
Day    Jan  Feb   Mar     Apr  May   Jun     Jul  Aug   Sep     Oct  Nov   Dec
================================================================================
  1   0.00  0.00  0.00   0.00  0.73  0.00   0.00  0.00  0.69   0.00  0.00  0.17
  2   0.00  0.00  0.00   0.00  0.00  0.00   0.00  0.00  0.00   0.00  0.00  2.63
  3   0.00  0.00  0.00   0.00  0.00  0.00   0.00  0.00  0.00   0.00  0.00  0.56
  4   0.00  0.00  0.00   0.00  0.00  0.00   0.00  0.00  0.00   0.00  0.00  0.11
  5   0.26  0.00  0.00   0.00  0.00  0.00   0.00  0.00  0.00   0.58  0.43 15.25

  6   0.00  0.00  0.00   1.98  0.00  0.00   8.82  0.00  0.00   0.00  0.00 42.10
  7   0.00  0.00  0.00   0.00  0.00  0.07   0.00  0.00  0.00   0.00  0.00 10.71
  8   0.00  0.00  0.00   0.00  0.00  0.00   0.00  0.00  0.00   0.00  0.00  0.00
  9   0.00  0.00  0.00   0.00  0.00  0.00   0.00  0.00  0.00   0.00  0.00  0.29
 10   0.00  0.00  0.00   0.00  0.00  0.00   0.00  2.00  0.00   0.00  0.00  0.75

 11   0.00  0.00  0.00   1.98  0.21  0.00   0.00  0.17  0.34   0.00  0.36  3.97
 12   0.00  0.00  0.00   0.00  0.00  0.00   0.00  0.00  0.00   0.00  0.00  3.17
 13   0.00  0.00  0.00   0.00  0.00  0.00   0.00  0.52  0.00   0.00  0.00 47.55
 14   0.00  0.00  0.00   0.00  0.00  0.00   0.00  0.00  0.08   0.00  0.00 18.79
 15   0.00  0.00  0.00   0.00  0.00  0.15   0.00  0.00  0.00   0.00  1.16  2.06

 16   0.00  0.00  0.00   0.00  0.00  0.00   0.00  0.08  0.00   0.00  0.00  2.00
 17   0.00  0.00  0.00   0.00  0.00  0.00   0.00  0.00  0.00   0.00  0.53  0.00
 18   0.00  0.00  0.00   0.00  0.00  0.00   0.00  0.00  0.00   0.00  0.44  0.00
 19   0.00  0.00  0.00   0.00  0.00  0.00   0.00  0.00  0.00   0.00  0.08  0.00
 20   0.00  0.00  0.32   0.00  0.00  0.00   0.00  0.11  0.00   0.51  0.00  0.00

 21   0.00  0.00  2.27   0.00  0.00  0.00   0.00  0.00  1.70   0.00  0.00  0.00
 22   0.40  0.00  0.00   0.00  0.00  0.00   0.00  0.00  1.11   0.00  0.00  0.00
 23   0.00  0.00  0.12   0.00  0.00  0.00   0.00  0.18  0.17   0.00  0.00  0.00
 24   0.13  0.00  0.00   0.45  0.00  0.00   0.00  0.00  0.15   0.00  0.00  0.00
 25   0.00  0.00  0.00   1.51  0.00  0.00   0.00  0.40  0.49   0.00  0.00  0.15

 26   0.00  0.00  0.00   3.32  0.00  0.00   0.00  0.57  0.00   0.00  0.00  0.00
 27   0.00  0.00  0.00   5.32  0.00  0.00   0.00  0.36  0.00   0.00  0.90  0.00
 28   0.00  0.00  0.00   0.44  0.00  0.00   0.00  0.00  0.00   0.00  0.00  0.00
 29   0.00        0.00   0.13  0.00  0.00   0.00  0.00  0.00   0.00  0.00  0.00
 30   0.00        0.78   0.66  0.00  0.00   0.00  0.00  1.10   0.43  0.00  0.00

 31   0.00        0.00         0.00         0.00  0.00         0.00        1.36
================================================================================
Mean  0.03  0.00  0.11   0.53  0.03  0.01   0.28  0.14  0.19   0.05  0.13  4.89
--------------------------------------------------------------------------------
Yearly Mean = 0.54
