
                              FLARE INDEX OF SOLAR ACTIVITY
                                       FULL DISK
       1977
--------------------------------------------------------------------------------
Day    Jan  Feb   Mar     Apr  May   Jun     Jul  Aug   Sep     Oct  Nov   Dec
================================================================================
  1   2.65  5.60  0.00   0.00  0.29  0.00   3.13  2.92  4.09   1.15  0.53  3.40
  2   0.99  4.40  0.00   0.00  0.00  6.00   2.13  0.52  0.45   1.58  1.66  5.03
  3   3.48  2.52  0.00   0.34  7.11  4.10   2.96  1.66  2.15   5.84  0.97  1.75
  4   2.05  0.84  0.00   0.00  1.67  2.38   1.57  2.92  0.00   2.27  0.74  3.03
  5   0.62  0.00  0.00   0.32  0.48  0.00   2.41  6.56  0.44   8.08  0.93  8.26

  6   0.00  0.61  0.00   0.30  1.83  2.60   4.81  2.96  2.93  15.28  0.60  6.33
  7   0.00  0.34  0.00   0.75  2.19  1.65   4.14  0.74  4.39   7.13  8.51 16.48
  8   0.00  2.88  2.52   0.00  0.33  1.10   2.17  0.53  6.03   6.78  3.04  5.77
  9   0.00  0.85  2.09   0.00  2.20  1.81   0.00  3.65  7.54   2.53  6.32 11.84
 10   0.00  0.47  0.00   0.00  0.00  2.31   5.40  0.29  6.19   2.70  2.27 15.98

 11   0.50  2.73  1.12   1.15  0.08  0.41   0.00  0.74  9.06   3.85  3.72  9.25
 12   3.33  0.85  0.00   4.53  1.08  2.13   1.10  0.81  0.81  11.45  1.78 11.65
 13   5.78  1.72  0.00   9.24  0.00  3.06   1.58  0.44  3.11   5.13  2.31  3.44
 14   0.00  0.91  1.05   3.01  0.00  0.27   3.43  0.96  2.42   5.65  3.88  1.24
 15   0.00  3.33  0.00   5.42  0.00  2.25   0.00  0.73  3.54   0.35  5.48  1.88

 16   0.24  0.60  0.00  11.17  0.50  0.00   0.09  0.37 22.69   2.22  4.21  1.58
 17   0.94  4.37  0.00   2.67  0.00  2.94   0.00  1.19  3.65   0.00  1.95  1.59
 18   0.00  1.73  0.00   0.30  0.52  2.97   0.00  0.00  5.86   2.67  1.99  0.30
 19   0.45  0.00  0.00   3.57  1.72  0.46   1.71  2.44 22.04   5.63  4.04  2.15
 20   0.00  3.74  0.00   2.65  0.30  0.29   0.00  3.32 32.27   7.50  2.48  1.18

 21   0.00  0.00  1.61   2.48  0.95  0.05   1.26  0.00  4.34   8.51  3.10  0.00
 22   1.22  0.00  0.00   3.45  3.53  0.69   1.83  0.44  5.22   3.45 15.51  3.25
 23   0.95  0.00  0.00   0.41  0.00  8.41   2.15  1.53  3.95   2.66  0.46  2.47
 24   0.88  0.00  0.15   0.00  0.00 17.21   2.84  4.78  3.16   1.44  0.40  5.83
 25   1.27  0.00  0.00   0.00  0.00  5.88   3.38  5.24 10.04   0.26  0.00  4.25

 26   0.00  0.00  0.21   0.70  0.00 16.39   3.85  3.04 12.39   0.43  0.00 15.41
 27   0.00  0.00  0.00   0.00  0.00 18.88   4.23  0.91 13.63   1.00  0.51 14.27
 28   1.06  0.00  0.00   0.00  0.20  7.54   1.94  0.24  3.98  10.47  0.97  7.00
 29   0.00        0.00   0.00  2.67  2.42   4.00  0.69  3.79  11.03  0.00 10.27
 30   4.02        0.00   0.85  4.17  1.92   3.04  4.90  2.80   1.59  1.66  8.36

 31   0.00        0.00         1.37         1.26  5.99         3.00        2.54
================================================================================
Mean  0.98  1.38  0.28   1.78  1.07  3.87   2.14  1.99  6.77   4.57  2.67  5.99
--------------------------------------------------------------------------------
Yearly Mean = 2.79
