Kandilli Observatory	

                            FLARE INDEX OF SOLAR ACTIVITY	

                                 TOTAL HEMISPHERE	

2011	

-------------------------------------------------------------------------------------------------------	
Day     Jan     Feb     Mar     Apr     May     Jun     Jul     Aug     Sep     Oct     Nov     Dec 	
=======================================================================================================	
1	0.10	0.00	0.46	0.17	0.42	6.02	5.08	7.65	1.96	4.31	0.00	0.27	
2	0.00	0.00	0.13	0.17	1.21	7.98	0.35	13.04	5.58	7.85	2.65	0.00	
3	0.63	0.06	3.02	0.00	0.19	1.02	5.88	23.67	5.35	10.52	16.58	0.27	
4	0.00	0.25	0.44	0.27	0.00	0.42	0.00	18.60	5.31	0.38	1.02	0.13	
5	0.00	0.46	0.73	0.00	0.25	0.00	0.00	2.23	0.29	1.42	13.17	1.67
	
6	0.00	0.00	3.48	0.00	0.00	0.77	0.00	6.69	17.60	1.25	5.52	0.00	
7	0.00	0.00	5.75	0.00	0.00	9.38	5.10	2.90	14.98	0.77	0.79	0.44	
8	0.00	0.44	2.19	0.17	0.38	0.21	7.23	5.60	4.13	0.00	0.98	0.17	
9	0.00	0.17	12.25	0.44	0.94	1.13	0.00	14.79	3.35	0.00	0.40	0.75	
10	0.00	0.00	1.15	0.00	0.00	0.00	0.10	0.67	0.92	0.58	2.98	0.19
	
11	0.00	0.00	2.35	2.31	0.00	0.00	2.96	0.00	0.71	2.79	1.15	0.21	
12	0.00	0.00	5.69	3.15	2.56	0.88	1.02	0.00	0.00	2.50	1.46	0.79	
13	0.00	3.81	0.21	4.46	0.21	0.00	0.00	0.00	0.48	1.48	0.79	0.25	
14	0.00	4.13	4.13	7.29	0.67	0.40	0.90	0.00	5.81	0.81	3.25	0.38	
15	0.00	4.02	2.65	8.79	0.81	3.33	0.00	0.00	3.19	1.90	1.42	0.00
	
16	0.00	2.15	2.27	3.77	0.17	1.67	0.10	0.00	10.38	3.02	1.33	0.00	
17	0.00	1.88	0.00	0.19	0.15	0.73	10.79	1.35	0.48	1.08	1.33	0.25	
18	0.00	0.75	0.00	1.63	0.00	0.29	0.98	2.69	1.98	0.00	1.94	0.63	
19	0.00	0.88	0.21	1.15	0.00	1.75	0.21	0.00	1.90	1.52	0.63	0.00	
20	0.00	0.00	0.00	1.27	0.00	0.00	0.48	0.98	3.54	0.69	3.88	3.04
	
21	0.52	0.00	0.00	25.50	0.00	2.17	0.08	2.63	4.56	0.58	0.77	6.19	
22	0.00	0.00	0.27	33.04	0.21	0.00	0.00	0.00	16.27	3.96	2.85	1.25	
23	0.00	0.00	0.19	1.58	0.00	0.08	0.00	0.75	17.13	0.23	1.81	0.10	
24	0.00	0.00	2.60	0.42	0.00	0.00	0.00	2.25	44.15	0.00	0.08	0.42	
25	0.00	0.00	0.44	0.00	0.92	0.00	0.96	0.44	47.94	0.08	1.65	4.54
	
26	0.08	0.00	0.08	0.00	0.46	0.00	4.65	0.88	19.50	0.00	0.58	5.75	
27	0.00	1.08	0.75	0.23	0.44	0.35	8.60	0.00	4.06	0.00	1.63	3.94	
28	0.33	0.65	0.98	0.19	4.04	0.00	8.25	0.83	2.69	0.60	1.31	2.31	
29	0.15		0.00	0.23	6.96	1.56	8.04	0.27	3.54	0.13	0.56	2.98	
30	0.00		0.00	2.73	2.42	0.00	1.96	2.60	5.21	0.23	2.04	1.81	
31	0.00		1.98		0.15		16.38	1.75		0.00		3.44	
-------------------------------------------------------------------------------------------------------	
Mean	0.06	0.74	1.75	3.30	0.76	1.34	2.91	3.65	8.43	1.57	2.48	1.36	
-------------------------------------------------------------------------------------------------------	
Yearly Mean =	2.36												
													
