Kandilli Observatory	

                            FLARE INDEX OF SOLAR ACTIVITY	

                                 TOTAL HEMISPHERE	

2014	

--------------------------------------------------------------------------------------------------------	
Day     Jan     Feb     Mar     Apr     May     Jun     Jul     Aug     Sep     Oct     Nov     Dec 	
========================================================================================================	
1	21.04	12.88	0.92	1.21	0.33	1.23	14.58	11.08	1.77	6.21	4.06	3.92	
2	1.96	16.83	4.13	17.48	1.17	0.00	6.38	4.71	2.33	1.58	2.65	4.08	
3	4.17	7.60	2.40	1.02	2.13	4.98	3.00	7.19	0.27	1.04	3.23	4.94	
4	6.15	29.60	0.81	1.56	1.77	2.02	8.48	3.27	0.96	0.67	4.71	12.56	
5	4.35	7.56	1.17	0.00	0.33	3.92	1.83	2.17	3.38	0.15	8.48	4.00	

6	2.46	7.88	0.35	0.69	1.77	2.63	6.98	2.46	4.98	1.85	17.21	4.75	
7	20.69	15.81	0.00	5.40	1.00	0.73	4.33	5.46	3.38	1.94	71.04	0.81	
8	2.52	1.10	2.96	0.00	10.69	1.58	19.23	2.35	11.42	2.15	4.92	0.50	
9	0.08	1.23	12.88	0.27	6.25	5.31	13.10	1.33	2.33	8.48	14.04	9.46	
10	0.21	1.00	23.25	1.06	9.44	2.63	2.29	1.06	38.71	0.00	5.56	2.21	

11	0.50	17.08	9.42	0.25	6.50	19.63	4.42	0.88	0.81	0.00	12.52	2.19	
12	0.48	40.42	3.44	0.00	11.56	18.69	7.13	3.08	6.08	0.00	4.35	5.52	
13	1.10	45.81	1.56	0.35	4.21	13.44	3.77	3.94	4.42	0.00	4.23	4.15	
14	0.46	14.46	0.69	5.08	13.79	4.88	0.06	2.33	11.98	0.00	5.13	10.94	
15	0.00	1.23	0.67	3.63	0.83	1.69	0.00	14.52	3.19	0.00	3.54	3.44
	
16	0.00	1.35	0.38	7.00	2.79	11.19	0.00	2.08	0.42	0.00	4.96	6.15	
17	0.00	4.06	0.92	1.44	1.29	2.79	0.00	1.46	1.02	0.33	1.04	28.85	
18	0.23	4.06	0.71	1.13	0.65	3.54	0.00	3.81	1.02	3.75	0.69	22.73	
19	0.06	1.21	9.04	1.04	0.00	2.60	0.00	1.40	0.42	40.17	2.63	14.63	
20	0.94	3.21	16.42	1.85	0.90	5.06	0.00	2.79	0.00	34.73	3.27	33.79
	
21	0.15	0.42	0.63	4.69	2.25	6.21	0.00	3.13	3.96	6.33	6.92	36.13	
22	0.29	1.60	5.71	2.15	1.40	0.98	0.00	34.67	0.13	57.42	7.60	8.63	
23	0.00	0.06	9.31	0.25	1.48	0.10	1.29	9.96	8.02	6.04	1.85	1.38	
24	0.00	1.65	4.06	0.00	15.04	0.17	2.75	12.06	1.48	37.38	10.21	11.96	
25	0.00	12.27	1.08	0.29	3.85	1.42	1.83	9.75	8.92	100.90	7.56	0.35
	
26	0.00	4.00	1.63	0.00	0.00	0.56	1.15	2.29	11.23	23.44	4.46	5.92	
27	0.00	2.38	0.42	0.00	0.94	0.33	1.73	3.02	3.29	171.58	8.81	19.02	
28	2.25	7.19	1.44	4.88	0.33	1.65	1.98	7.04	19.73	14.73	6.75	5.15	
29	3.31		8.44	0.46	0.63	1.81	1.85	1.56	7.13	3.38	9.75	10.79	
30	8.77		1.75	2.44	0.23	2.21	3.08	16.40	2.38	1.96	3.77	6.44	
31	2.58		3.54		0.38		2.67	5.73		0.96		16.71	
--------------------------------------------------------------------------------------------------------	
Mean	2.73	9.43	4.20	2.19	3.35	4.13	3.67	5.90	5.50	17.00	8.20	9.74	
--------------------------------------------------------------------------------------------------------	
Yearly Mean =	6.34												
													
