Kandilli Observatory
                              FLARE INDEX OF SOLAR ACTIVITY
                                        FULL DISK
      2001
--------------------------------------------------------------------------------
Day    Jan  Feb   Mar     Apr  May   Jun     Jul  Aug   Sep     Oct  Nov   Dec
================================================================================
  1   1.53  1.20  0.32  13.79  6.59  0.62   0.00  2.83  1.21   1.79 12.89 25.96
  2   0.00  1.72  0.00  30.14  4.02  1.04   0.00  5.66 18.76   3.07  3.02  7.52
  3   0.93  0.00  2.01   8.31  2.39  3.73   0.31  4.30  6.87   7.28  2.31  7.20
  4   0.34  2.85  0.13   5.65  2.70  7.12   0.00  5.56 10.66   1.72 75.00  7.29
  5   2.00  2.52  2.15  14.86  3.08  5.35   0.15 11.29 16.75   3.36  4.98  3.92

  6   2.06  0.14  1.00   3.16  1.33  5.98   0.02  3.65  9.40   3.17  4.39 12.07
  7   0.00  0.20  5.13   0.69  8.96  1.56   0.47  8.80  3.98   1.40 12.68 11.65
  8   0.69  0.22  2.85   0.19  2.40  9.56   2.01  3.76 11.11   0.13 18.49  2.35
  9   1.87  3.28  8.55  15.25  4.65 19.25   3.09  4.63 33.13  14.27 24.12  6.10
 10   5.06  1.94  5.06  30.02  2.90  5.60   0.25  1.85  6.49   3.38 10.83  9.25

 11   0.33 10.89  1.52  14.89  0.37  2.60   0.09  3.16  6.23   1.23  7.55 11.98
 12   1.69  1.65  2.36  19.01 14.30  2.26   0.06  0.48  5.14   2.87  4.95 17.89
 13   1.15  0.61  0.18   0.13  3.90  7.87   0.31  0.28  8.21   1.00  2.70 27.04
 14   0.90  1.79  1.07   3.23  1.66  2.22   4.40  0.84  5.45   1.85  6.68 15.11
 15   2.31  0.00  2.18  13.19  3.32  6.93   6.61  0.11 13.73   2.85  5.00  3.51

 16   0.34  0.07  2.78   0.09  2.99  4.23  10.28  0.23 23.65   2.95  1.88 21.64
 17   0.67  0.00  3.78   0.00  6.71  0.42   1.34  1.19 10.65   2.93 35.45  1.80
 18   0.00  0.00  4.85   0.00  2.56 13.17   1.51  4.38  3.87  10.06  1.62  4.10
 19   2.17  0.28  0.77   0.52  0.54  1.51  10.08  0.79  3.40  47.18  3.16  4.11
 20  26.49  0.56  9.29   8.19  0.00  8.39   0.97  4.48  3.08   3.12  4.52  8.40

 21   3.23  1.06  5.68   2.31  0.66  3.69   2.59  0.31  6.10  11.50  8.21  4.04
 22   1.35  1.01  1.40   4.61  0.57  7.47   1.99  3.57  9.29  35.39 24.36  2.19
 23   0.72  2.07  2.90  17.90  0.38 14.40   1.75  2.61  7.74  12.09  0.87  8.21
 24   8.64  0.00 21.13  16.44  3.06  0.79   1.10 10.68 29.10   7.84 12.32 15.07
 25   1.97  0.09 13.70  21.69  8.50  1.72   1.04 46.25 13.10  50.74  6.09 10.19

 26   4.52  0.10 19.48  38.52  0.28  2.11   0.00  4.40 10.66  10.99  0.65 50.94
 27   0.80  0.44 30.38  11.85  0.00  3.63   1.39  6.99  5.25   6.52 11.62 38.02
 28  11.11  0.26 32.08   4.58  0.00  2.05   2.95  9.55 41.08  11.78  9.22  6.22
 29   1.79       25.40   1.68  0.43  0.41   0.38 17.92 20.69  13.46  8.60  3.15
 30   0.78       23.21   5.06  0.00  0.05   0.00 11.89  8.21  12.01  4.36  2.17

 31   0.02        5.66         0.24         1.83 15.47         6.42        3.92
================================================================================
Mean  2.76  1.25  7.65  10.20  2.89  4.86   1.84  6.38 11.77   9.50 10.95 11.39
--------------------------------------------------------------------------------
Yearly Mean = 6.80

