Kandilli Observatory
                              FLARE INDEX OF SOLAR ACTIVITY
                                        FULL DISK
      2005
--------------------------------------------------------------------------------
Day    Jan  Feb   Mar     Apr  May   Jun     Jul  Aug   Sep     Oct  Nov   Dec
================================================================================
  1   0.10  0.00  0.00   0.00  0.42  1.37   0.00  4.27  0.00   0.00  0.00  0.52
  2   0.49  0.00  0.00   0.00  0.00  0.14   2.19  2.10  0.00   0.00  0.00 10.14
  3   1.62  0.00  0.00   0.00  0.00  4.62   1.10  4.86  0.15   0.00  0.20  6.42
  4   6.22  0.00  0.00   0.00  1.47  2.12   0.21  1.68  0.00   0.00  0.00  6.55
  5   0.00  0.00  0.00   0.15  0.36  0.33   1.80  1.54  0.00   0.24  0.00  0.00

  6   0.00  0.00  0.58   0.09 15.95  4.71   1.96  0.04  0.00   0.00  0.00  0.00
  7   0.00  0.00  0.00   0.00  0.00  0.69   4.14  0.00 20.60   0.00  0.00  0.39
  8   0.00  0.00  0.00   0.00  0.00  2.22   1.10  0.00 27.89   0.00  0.00  0.00
  9   3.61  0.00  1.16   0.00  0.19  0.56   5.97  0.00 17.72   0.00  0.00  0.00
 10   0.00  0.00  0.00   0.00  3.82  0.06   0.51  0.00 43.74   0.00  0.00  0.00

 11   0.00  0.00  0.00   0.00  9.35  0.00   2.87  0.00  9.00   0.00  0.00  0.00
 12   0.38  0.00  0.76   0.18 35.88  3.51  19.68  0.00 24.07   0.00  0.00  0.00
 13   2.84  1.36  1.16   0.00 24.16  0.00   4.26  0.00 34.00   0.14  0.39  0.00
 14   9.80  0.00  0.81   0.00  0.70  4.12   0.84  0.00  6.50   0.35  1.71  0.00
 15  43.75  1.16  0.15   0.00  0.42  0.20   0.43  0.00 14.17   0.00  1.16  0.00

 16   6.81  3.80  0.37   0.00  8.36  0.57   0.47  0.00 13.85   0.00  0.00  0.00
 17  33.60  0.00  1.68   0.61  7.06  0.00   0.00  0.00  7.70   0.00  0.78  0.00
 18  14.81  0.29  0.44   0.29  0.46  1.02   0.00  0.00  0.39   0.00  0.87  0.00
 19  20.54  0.00  0.51   0.00  0.00  0.26   0.00  0.00  0.00   0.00  0.31  0.00
 20  23.75  0.00  0.16   0.00  0.00  0.00   0.00  0.00  0.71   0.00  0.41  0.00

 21   0.54  0.00  0.27   0.00  0.00  0.44   0.00  0.00  0.00   0.00  0.00  0.00
 22   0.00  0.00  0.00   0.00  0.00  0.39   0.00 10.31  0.00   0.00  0.00  0.80
 23   0.00  0.00  0.00   0.00  0.00  0.00   0.00  3.04  0.30   0.00  0.00  0.46
 24   0.00  0.00  0.94   0.00  0.77  0.00   0.00  0.10  0.00   0.00  0.00  0.00
 25   0.00  0.00  0.33   0.00  0.00  0.49   0.00  1.28  0.00   0.00  0.00  0.53

 26   0.00  0.00  0.00   0.56  3.88  0.00   0.00  0.00  0.00   0.00  0.00  0.00
 27   0.00  0.00  0.00   0.00  8.75  0.11   0.00  0.24  0.00   0.00  0.00  0.00
 28   0.00  0.00  0.00   0.00  0.72  0.12   0.63  0.25  0.00   0.00  0.00  0.43
 29   0.00        0.00   0.47  0.00  0.00   0.00  0.88  0.00   0.00  1.94  0.00
 30   0.00        0.00   0.00  0.00  0.00  16.47  0.16  0.00   0.00  0.00  0.00

 31   0.09        0.00         0.00         0.90  7.89         0.00        0.00
================================================================================
Mean  5.45  0.24  0.30   0.08  3.96  0.94   2.11  1.25  7.36   0.02  0.26  0.85
--------------------------------------------------------------------------------
Yearly Mean = 1.91

