Kandilli Observatory
                              FLARE INDEX OF SOLAR ACTIVITY
                                        FULL DISK
      2007
--------------------------------------------------------------------------------
Day    Jan  Feb   Mar     Apr  May   Jun     Jul  Aug   Sep     Oct  Nov   Dec
================================================================================
  1   0.00  0.13  0.00   0.00  0.00  0.21   0.44  0.00  0.00   0.00  0.00  1.52
  2   0.00  0.00  0.00   0.00  3.35  1.17   0.00  0.00  0.00   0.00  0.00  2.92
  3   0.00  0.00  0.00   0.00  0.04  3.99   0.18  0.00  0.00   0.00  0.00  0.00
  4   0.00  0.00  0.00   0.00  0.00 20.79   0.00  0.00  0.00   0.00  0.00  0.08
  5   0.00  0.00  0.00   0.00  0.34  3.80   0.00  0.00  0.00   0.00  0.00  0.34

  6   0.00  0.00  0.00   0.00  0.00  5.78   0.00  5.75  0.00   0.00  0.00  4.90
  7   0.00  0.00  0.00   0.00  0.00  0.59   0.00  0.00  0.00   0.00  0.00 17.60
  8   0.00  0.00  0.00   0.00  0.00  2.86   4.14  0.00  0.00   0.00  0.00  7.95
  9   0.00  0.00  0.00   0.00  0.00  2.74   5.72  0.00  0.00   0.00  0.00  3.35
 10   1.32  0.00  0.00   0.00  0.00  0.63  22.25  0.00  0.00   0.00  0.00  1.87

 11   0.00  0.00  0.00   0.00  0.00  0.19   0.22  0.00  0.00   0.00  0.00  2.74
 12   0.26  0.00  0.00   0.00  0.20  0.00   0.00  0.00  0.00   0.00  0.00  2.38
 13   0.00  0.00  0.00   0.00  0.00  0.00   0.00  0.00  0.00   0.00  0.14  7.40
 14   1.75  0.00  0.00   0.00  0.00  0.00   0.00  0.00  0.00   0.00  0.00  3.50
 15   6.94  0.00  0.00   0.00  0.22  0.00   0.16  0.00  0.00   0.00  0.00  0.00

 16   2.20  0.00  0.00   0.00  1.50  0.00   0.82  0.00  0.00   0.00  0.00  0.00
 17   0.00  0.00  0.00   0.00  0.00  0.00   0.00  0.00  0.00   0.00  0.14  1.59
 18   0.00  0.00  0.00   0.00  0.00  0.00   1.26  0.00  0.00   0.00  0.00  0.12
 19   0.00  0.17  0.00   0.00  1.00  0.00   0.00  0.00  0.00   0.00  0.00  0.00
 20   0.00  0.00  0.00   0.00  0.00  0.00   0.00  0.00  0.00   0.00  0.00  0.00

 21   0.30  0.00  0.00   0.00  0.42  0.00   0.00  0.00  0.00   0.00  0.00  0.00
 22   0.00  0.00  0.00   0.00  0.23  0.00   0.00  0.00  0.00   0.00  0.00  0.00
 23   0.00  0.00  0.00   0.00  0.00  0.00   0.00  0.00  0.00   0.00  0.00  0.00
 24   0.16  0.00  0.00   0.00  0.00  0.00   0.00  0.79  0.00   0.00  0.00  0.00
 25   0.00  0.00  0.00   0.00  0.00  0.00   0.00  0.00  0.00   0.00  0.00  0.00

 26   0.00  0.00  0.00   0.00  0.00  0.00   0.00  0.00  0.00   0.00  0.00  0.00
 27   0.00  0.00  0.00   0.26  0.00  0.00   0.00  0.00  0.00   0.00  0.00  0.00
 28   0.00  0.00  0.00   0.00  0.00  1.10   0.85  0.00  0.00   0.00  0.00  0.00
 29   1.85        0.00   0.00  0.00  2.13   0.00  0.00  0.00   0.00  0.00  0.00
 30   0.38        0.00   0.34  0.00  0.00   0.00  0.00  0.00   0.00  0.00  0.00

 31   0.00        0.39         0.00         0.00  0.07         0.00        0.00
================================================================================
Mean  0.49  0.01  0.01   0.02  0.24  1.53   1.16  0.21  0.00   0.00  0.01  1.88
--------------------------------------------------------------------------------
Yearly Mean = 0.47

