Kandilli Observatory
                              FLARE INDEX OF SOLAR ACTIVITY
                                        FULL DISK
      2008
--------------------------------------------------------------------------------
Day    Jan  Feb   Mar     Apr  May   Jun     Jul  Aug   Sep     Oct  Nov   Dec
================================================================================
  1   0.14  0.04  0.00   0.00  0.00  0.00   0.00  0.00  0.00   0.00  0.00  0.00
  2   0.00  0.00  0.00   0.00  0.00  0.00   0.00  0.00  0.00   0.00  0.25  0.00
  3   0.00  0.00  0.00   0.69  0.00  0.00   0.00  0.00  0.00   0.00  0.43  0.00
  4   0.00  0.00  0.00   0.16  0.00  0.00   0.00  0.00  0.00   0.00  0.16  0.00
  5   0.00  0.00  0.00   0.00  0.00  0.00   0.00  0.00  0.00   0.00  0.05  0.00

  6   0.00  0.00  0.00   0.00  0.00  0.00   0.00  0.00  0.00   0.00  0.00  0.00
  7   1.31  0.00  0.00   0.00  0.00  0.00   0.00  0.00  0.00   0.00  0.00  0.00
  8   0.00  0.00  0.00   0.00  0.00  0.00   0.00  0.00  0.00   0.00  0.00  0.00
  9   0.00  0.00  0.00   0.00  0.00  0.00   0.00  0.00  0.00   0.00  0.00  0.00
 10   0.00  0.00  0.00   0.00  0.00  0.00   0.00  0.00  0.00   0.00  0.00  0.00

 11   0.00  0.00  1.27   0.00  0.00  0.00   0.00  0.00  0.00   0.00  0.00  0.00
 12   0.00  0.00  0.00   0.00  0.00  0.00   0.00  0.00  0.00   0.00  0.00  0.00
 13   0.00  0.00  0.00   0.00  0.00  0.00   0.00  0.00  0.00   0.00  0.00  0.00
 14   0.00  0.00  0.00   0.00  0.00  0.00   0.00  0.00  0.00   0.00  0.00  0.00
 15   0.00  0.00  0.00   0.00  0.00  0.00   0.00  0.00  0.00   0.00  0.00  0.00

 16   0.00  0.00  0.00   0.00  0.00  0.00   0.00  0.00  0.00   0.00  0.00  0.00
 17   0.00  0.00  0.00   0.00  0.00  0.00   0.00  0.00  0.00   0.00  0.00  0.00
 18   0.00  0.00  0.00   0.00  0.00  0.00   0.00  0.00  0.00   0.00  0.00  0.00
 19   0.00  0.00  0.00   0.00  0.00  0.00   0.00  0.00  0.00   0.00  0.00  0.00
 20   0.00  0.00  0.00   0.00  0.00  0.00   0.00  0.00  0.00   0.00  0.00  0.00

 21   0.00  0.00  0.00   0.00  0.00  0.00   0.00  0.00  0.00   0.00  0.00  0.00
 22   0.00  0.00  0.00   0.00  0.00  0.00   0.00  0.00  0.00   0.00  0.00  0.00
 23   0.00  0.00  0.10   0.00  0.00  0.00   0.00  0.00  0.00   0.00  0.00  0.00
 24   0.00  0.00  1.54   0.00  0.00  0.00   0.00  0.00  0.00   0.00  0.00  0.00
 25   0.00  0.00  2.01   0.00  0.00  0.00   0.00  0.00  0.00   0.00  0.00  0.00

 26   0.00  0.00  0.71   0.91  0.00  0.00   0.00  0.00  0.00   0.00  0.00  0.00
 27   0.00  0.00  0.28   0.00  0.00  0.00   0.00  0.00  0.00   0.00  0.00  0.00
 28   0.00  0.00  0.00   0.00  0.00  0.00   0.00  0.00  0.00   0.00  0.00  0.00
 29   0.00  0.00  0.00   0.00  0.00  0.00   0.00  0.00  0.00   0.00  0.00  0.00
 30   0.00        0.00   0.00  0.00  0.00   0.00  0.00  0.00   0.00  0.00  0.00

 31   0.00        0.21         0.00         0.00  0.00         0.00        0.00
================================================================================
Mean  0.05  0.00  0.20   0.06  0.00  0.00   0.00  0.00  0.00   0.00  0.03  0.00
--------------------------------------------------------------------------------
Yearly Mean = 0.03

