
                              FLARE INDEX OF SOLAR ACTIVITY
                                       FULL DISK
      1991
--------------------------------------------------------------------------------
Day    Jan   Feb   Mar    Apr   May   Jun    Jul   Aug   Sep    Oct   Nov   Dec
================================================================================
  1   7.30 19.35  7.12   9.62  4.84 21.50  22.80 16.88  6.54  14.57 13.08  6.90
  2   5.13 25.17  7.83  17.67  3.25 36.23  11.15  9.89 14.65  15.56 15.85  7.00
  3   5.88 15.53  3.10   4.55 11.48  6.22  20.83 16.62 22.02  20.25  5.46 13.82
  4  13.35 24.88  6.54   7.37  5.81 16.35  18.92  6.41 10.05   9.50  4.64  8.21
  5   6.29  6.50 15.47   5.44  8.56 18.64  68.23 14.35 18.98  14.33  9.17 11.29

  6   6.88 33.10  9.47  21.04 12.16 47.15  27.10 16.13  9.40   4.69 19.07 15.76
  7  10.51  8.07 31.27   6.61  9.04 44.69  48.30 10.80 31.90   8.63  9.76 10.99
  8  19.17 12.46 16.76  23.91 20.75 13.76   8.13  9.14 19.43   9.40 30.62 37.58
  9   8.06  2.29 33.28  21.58 10.27 30.44  19.62  0.63  9.93   6.47 22.56 18.42
 10  12.85 10.18 11.52  28.77 14.58 29.33  24.70  0.44  2.39   6.63 17.74 19.89

 11  12.99 12.64  9.53  28.17 14.35 37.54  63.03  2.53  7.52   5.48  4.29 17.38
 12  19.59 10.80 16.33  19.14 12.90 15.08  22.52  4.71  4.44   7.23  8.67 17.48
 13  14.07 17.87 19.15  12.16  8.59 18.25  14.80  5.35  3.51   6.88  6.49 10.94
 14   6.60 14.54 12.28  19.17  7.12 17.54  12.65  9.24  6.83  40.88  6.58 18.67
 15  11.10 13.24 23.60  34.26 13.38 40.21   5.51 32.98  3.58  13.21  9.06  9.56

 16   7.52 11.38 17.85  41.19 17.18  7.15   8.02 21.48  6.18   9.54  4.86 18.99
 17  16.86  5.82 37.71  19.17 26.29 10.98  27.47 14.44  3.80   8.38  6.18 11.04
 18  21.81 12.74 33.34   9.66 58.02 11.68   8.82 20.04  6.36   2.33  2.52  4.70
 19   7.29 19.62 12.74   7.04 11.06  9.60   9.26 10.44  1.90   0.00  8.77  9.69
 20   6.68 13.84 49.38  46.60 10.78 11.95  15.22 15.86  3.21   2.92  8.51  7.40

 21  20.26 10.82 46.92   7.92 17.06  8.08   4.82  4.19  3.50   5.51  1.92  1.25
 22  42.72  6.97 38.05   1.74 14.19 14.85  38.73 12.73  9.21   9.62  2.10  8.99
 23   9.35 12.95 90.44   4.56  4.69  5.56  19.77 16.63  8.53   5.70  4.95 21.11
 24   9.09 12.83 50.15   2.84  4.38  6.83  19.03 11.35  5.75  24.64  4.30 22.51
 25  32.45 25.83 21.88   9.71  4.68  5.75   9.61 40.51  5.42  22.38  1.69  7.34

 26  20.87  3.93 18.46   4.21  5.13  1.58  11.60  7.83 10.17  18.96  6.29 32.15
 27  47.62 20.80 13.68   5.58 15.04 19.83   8.08  6.65  7.77  37.98  6.24 15.75
 28  38.35  4.51  6.52  10.68 21.48  9.89   8.47  8.54  9.19  23.47  3.88 10.54
 29  34.63       15.02   2.78 34.57  7.08   9.07 35.06 32.27  20.58  7.21 12.21
 30  28.48        8.83   4.73  7.11 16.55  18.96 17.04 14.46  16.55 11.27 40.91

 31  79.50        7.88        24.33        15.65 10.98        10.35       12.72
================================================================================
Mean 18.81 13.88 22.33  14.60 13.97 18.01  20.03 13.22  9.96  12.99  8.79 14.88
--------------------------------------------------------------------------------
Yearly Mean = 15.16
