Kandilli Observatory
                              FLARE INDEX OF SOLAR ACTIVITY
                                        FULL DISK
      1999
--------------------------------------------------------------------------------
Day    Jan  Feb   Mar     Apr  May   Jun     Jul  Aug   Sep     Oct  Nov   Dec
================================================================================
  1   4.33  0.28  2.49   0.00  0.22 13.54  19.29  7.62  1.45   4.21  5.05  4.24
  2   1.89  0.26 13.45   0.42  3.19  3.82  13.92 18.45  7.09   1.52  0.60  4.17
  3   7.99  0.00  6.26   9.24 31.91 18.73   9.94  7.50  6.67   5.32  1.76  0.34
  4   0.25  0.00  1.12   3.76  3.81 10.49  15.71 17.91  0.12   3.45  7.33  1.60
  5   0.00  0.00  2.93   0.98  0.90  3.00  16.98  8.58  2.13   1.02  4.60  0.17

  6   1.64  0.09  1.63   3.45  2.45 10.89   3.86  4.65  0.26   3.21  2.21  4.47
  7   0.00  0.69  0.67   1.73 11.04  1.35   2.85  3.69  1.39   1.11  6.51  1.09
  8   7.14  3.79  1.80   5.89 33.23  3.93   2.75  2.79  0.52   5.10 15.49  2.53
  9   0.15  1.45  7.56   2.57  5.90  3.06   9.14  1.76  2.94   1.08 43.96  1.27
 10   0.57  5.50  3.16   2.48  8.16  2.10   6.13  7.82  2.29   0.89 21.84  0.92

 11   0.21  2.30  6.15   0.95  8.79  4.22   7.70  0.94  4.25   0.25 16.14  3.49
 12   1.22 22.15 10.44   2.11  0.23  9.10   4.66  0.07  3.48   0.00 20.99  0.15
 13   8.93 11.71  7.06   0.65  1.46  9.60   2.09  5.55  8.69   3.28 19.76  0.48
 14  10.32  7.95  6.90   0.00  2.00  6.31   2.06  2.25  2.50   3.93 59.11  1.35
 15  21.23 11.71  6.16   0.74  6.32  2.29   1.81  3.00  6.74   4.17 18.02  2.82

 16  14.10 13.14 17.45   0.00  2.49  4.28   0.47  1.44 14.40   1.42 85.22  2.98
 17  12.48  3.33  8.33   1.10  5.55  0.76   4.20  4.20 10.52   5.14 15.59  5.75
 18  15.89  3.62  6.76   0.33  2.60  4.29   0.57  0.48  3.25   7.80 13.82 16.67
 19  10.77  2.04  0.73   1.16  0.14  0.00  15.36  3.14  3.63   4.92 12.20  3.90
 20   5.63  1.40  0.00   0.67  1.33  3.56   2.29  5.02  4.07   5.07 20.41  8.27

 21   2.95  1.02  1.34   1.63  3.26  4.40   2.80  1.19  0.53   6.89 13.10  6.95
 22   8.60  0.10  1.85   0.00  1.11  6.37   5.95  3.49  5.08   1.32  9.85 16.36
 23   8.15  0.00  0.00   0.00  4.72 16.59  20.15  2.84  1.02   1.80  4.56  7.41
 24   5.93  0.19  1.65   0.76  3.02 13.58   5.81  9.81  0.63   1.56 14.55  2.33
 25   1.75  1.90  1.38   0.44  1.76  7.22   6.93  4.63  1.38  12.52 15.09  2.57

 26   0.63  2.84  0.29   0.52 13.38 18.68   1.91  9.64  7.19  10.40 45.08  0.83
 27  15.48  1.40  4.49   0.19  7.85 11.84   6.31 41.72  0.60   3.30 16.56  4.16
 28  12.89 13.97 13.32   1.10  2.01 12.10  18.70 45.80  0.00   3.40  6.70  6.56
 29   2.21        0.42   6.33  1.64 16.96  33.56  8.61  0.40   6.14 14.27  1.33
 30   0.37        0.00   1.85  2.81 32.69  21.92 21.88  1.60   0.00  9.23  0.19

 31   0.28        0.00         3.08        11.35  6.33         6.67        0.78
================================================================================
Mean  5.93  4.03  4.38   1.70  5.69  8.53   8.94  8.48  3.49   3.77 17.99  3.75
--------------------------------------------------------------------------------
Yearly Mean = 6.39
                                                                           6.39
