Kandilli Observatory
                              FLARE INDEX OF SOLAR ACTIVITY
                                       FULL DISK
      1997
--------------------------------------------------------------------------------
Day    Jan  Feb   Mar     Apr  May   Jun     Jul  Aug   Sep     Oct  Nov   Dec
================================================================================
  1   0.00  0.00  0.00   3.90  0.00  3.71   0.00  0.00  1.08   1.56  0.60  8.76
  2   0.00  4.20  0.00   3.06  0.00  0.00   0.00  0.00  1.58   0.42  2.79  0.55
  3   0.00  1.11  0.00   0.00  0.18  0.08   0.33  0.54  3.19   0.55 17.11  4.81
  4   0.00  1.71  0.00   0.00  0.00  0.00   0.00  0.00  0.86   0.00 26.41  0.88
  5   0.00  0.00  0.00   0.61  0.00  0.00   0.00  0.00  1.44   0.33 11.31  0.00

  6   0.00  0.00  0.31   0.61  0.28  0.00   0.00  0.24  1.68   0.08 11.31  0.77
  7   0.12  0.00  0.17   7.46  0.00  0.21   0.00  1.79  2.27   0.00  1.24  0.75
  8   0.00  0.22  0.25   0.00  0.20  0.00   0.00  0.44  6.73   0.00  0.00  0.00
  9   0.00  0.00  0.00   1.46  0.00  0.43   0.73  1.09  5.38   1.18  0.54  0.00
 10   0.00  0.00  0.00   0.48  0.00  0.00   0.00  1.88  1.47   0.46  2.02  0.44

 11   0.00  0.00  0.00   0.00  0.00  0.00   0.00  0.21  0.74   0.77  2.56  0.53
 12   0.00  0.00  0.00   0.00  3.77  0.54   0.00  2.59  1.36   0.00  0.00  4.19
 13   0.00  0.00  0.00   0.31  0.00  0.00   0.00  1.26  4.72   1.21  0.52  0.00
 14   0.00  0.00  0.00   0.40  0.00  0.00   0.00  0.38  1.69   0.23  2.29  1.33
 15   0.00  0.00  0.00   2.79  0.00  0.00   0.00  0.00  8.78   0.00  5.48  1.21

 16   0.00  0.00  0.06   0.32  0.20  0.00   0.00  0.00  1.49   0.17  0.81  0.25
 17   0.00  0.00  0.00   0.00  0.86  0.13   0.00  0.00  3.18   0.46  2.03  0.00
 18   0.33  0.00  0.00   0.00  0.00  0.00   0.00  0.00  0.16   0.00  1.38  0.00
 19   0.13  0.21  0.00   0.00  0.00  0.00   0.00  0.00  0.25   0.00  0.37  0.39
 20   0.47  1.04  0.00   0.00  0.00  0.00   0.70  0.00  0.07   0.00  0.96  0.00

 21   0.00  0.00  0.00   0.00 11.66  0.33   0.00  0.12  0.89   0.97  3.41  0.22
 22   0.00  0.00  0.00   0.00  0.00  0.00   0.11  0.00  6.66   0.00  0.58  0.66
 23   0.00  0.00  0.00   0.00  0.81  0.00   0.00  0.00  3.85   0.00  1.75  0.00
 24   0.00  0.00  0.00   0.00  0.09  0.00   1.11  1.33  5.85   0.00  1.75  0.19
 25   0.00  0.00  0.00   0.00  6.79  0.00   3.71  2.15  2.19   0.66  0.21  0.25

 26   0.00  0.00  0.00   0.33  1.18  0.00   0.07  1.91  1.58   0.00  2.12  0.87
 27   0.43  0.00  0.74   0.00 12.92  0.00   0.67  0.19  0.00   0.26  5.53  1.86
 28   0.00  0.00  2.79   0.00  0.83  1.11   0.00  0.96  0.04   1.40 18.98  0.12
 29   0.42        0.06   0.00  0.11  0.31   1.26  3.64  0.58   0.42 10.71  0.27
 30   0.00        0.00   0.00  0.00  0.13   0.00  1.43  0.00   0.78  2.09  0.53

 31   0.00        0.00         0.12         0.00  1.38         0.08        1.45
================================================================================
Mean  0.06  0.30  0.14   0.72  1.29  0.23   0.28  0.76  2.33   0.39  4.56  0.99
--------------------------------------------------------------------------------
Yearly Mean =1.01
