
                              FLARE INDEX OF SOLAR ACTIVITY
                                      FULL DISK
      1994
--------------------------------------------------------------------------------
Day    Jan   Feb   Mar    Apr   May   Jun    Jul   Aug   Sep    Oct   Nov   Dec
================================================================================
  1   3.32  0.08  1.65   0.00  0.00  0.27   1.38  0.00  1.97   0.00  0.49  0.47
  2   0.65  0.00 15.25   0.00  0.11  0.00   1.12  3.65  0.05   0.00  1.55  0.67
  3   2.58  1.86 54.67   0.00  0.00  0.00   1.75  0.00  1.58   0.00  0.54  2.09
  4   8.31  0.12 13.70   0.00  0.00  0.00   0.38  0.00  0.76   0.00  0.00  1.20
  5   9.86  0.00  0.79   0.00  0.00  0.00   0.18  0.00  3.54   3.93  0.00  0.22

  6   4.82  1.36  3.44   0.00  0.00  1.95   0.71  3.52 12.08   1.15  0.00  0.45
  7   8.50  1.10  0.13   0.00  0.41  2.96   4.50  0.77  2.21   2.79  0.00  2.11
  8   3.71  6.98  0.00   0.00  0.00  0.00   0.11  0.31  0.97   0.21  1.52  5.53
  9   1.03  2.72  0.79   0.00  0.09  0.94   0.56  0.18  0.09   2.65  0.23  1.79
 10   1.09  0.32  0.00   1.41  0.54  0.48   1.09  0.51  1.40   0.73  0.00  0.96

 11   1.05  0.13  0.00   0.00  0.00  0.45   0.50  0.13  5.58   0.45  0.00  2.27
 12   0.77  0.99  1.65   0.20  1.05  0.64   1.25  2.93  1.12   0.98  0.00  6.74
 13   0.73  0.00  0.64   0.43  2.02  0.00   1.65  3.20  0.00   5.98  4.55  1.10
 14   0.44  0.00  0.00   0.35  0.69  0.13   0.69  7.11  0.00   3.89  0.00  0.81
 15   1.39  1.25  0.17   0.13  0.19  1.29   3.35  7.96  0.00   2.37  0.00  0.31

 16   3.71  1.57  0.15   0.54  0.94  0.81   1.88  1.85  0.00   0.63  0.00  7.70
 17   2.19  0.75  0.00   0.23  1.15  0.46   0.00  5.54  0.77   2.16  0.00  0.90
 18   1.51  6.71  0.00   0.00  1.45  0.16   0.27  2.07  0.27   2.07  1.44  2.63
 19   2.25  0.20  0.00   2.21  0.00  0.13   0.66  2.21  0.00   4.97  0.00  1.19
 20   0.65 33.60  0.00   0.47  0.53  0.00   1.03  0.31  0.00   0.00  0.15  0.00

 21   3.11  0.16  2.96   4.77  0.67  0.00   0.36  0.00  0.00   0.23  0.00  0.67
 22   2.00  0.00  0.00  11.02  0.34  0.00   0.50  0.45  0.00   5.02  0.00  0.56
 23   2.00  0.00  1.47   0.15  1.27  0.00   0.13  0.54  0.17   1.72  0.00  0.00
 24   2.82  0.23  3.32   0.23  0.47  1.14   0.00  0.00  0.00   0.00  0.23  0.46
 25  10.92  0.49  0.00   0.21  0.00  0.00   0.55  0.00  0.10  19.45  0.00  1.57

 26   5.83  2.38  0.00   0.00  0.00  0.00   0.91  0.48  0.00   1.53  2.04  0.80
 27   3.82  0.21  0.00   0.10  0.00  0.32   0.13  0.00  0.52   0.32  1.21  0.21
 28   0.68  0.36  1.83   2.12  0.00  0.00   0.00  0.00  0.00   0.30  0.38  0.00
 29   1.72        2.11   1.17  0.00  2.03   1.66  0.73  0.00   2.78  0.52  0.00
 30   0.00        4.31   1.11  0.00  9.79   0.48  4.28  0.00   1.06  5.92  0.00

 31   0.56        0.00         0.00         0.00  6.21         1.21        0.00
================================================================================
Mean  2.97  2.27  3.52   0.89  0.38  0.80   0.90  1.77  1.11   2.21  0.69  1.40
--------------------------------------------------------------------------------
Yearly Mean = 1.58
