
                              FLARE INDEX OF SOLAR ACTIVITY
                                        FULL DISK
       1978
--------------------------------------------------------------------------------
Day    Jan  Feb   Mar     Apr  May   Jun     Jul  Aug   Sep     Oct  Nov   Dec
================================================================================
  1   9.41  5.93  6.79   1.92 30.95 13.37   4.77  0.69 18.72  12.87 16.46  4.70
  2   5.80 15.17 31.31   3.07 14.09  9.90   3.88  0.00 26.22   2.73  8.50  8.88
  3  10.92 37.04  9.44   1.99 24.24  1.50   3.06  2.19 12.01   7.21  8.81  3.48
  4   7.31  5.02 18.16   3.82  8.10  1.49   5.15  2.20 25.25   4.83  3.02  5.77
  5   6.01  7.11  4.06   9.85  1.83  9.70   9.33  9.67 13.78   3.16  7.98  7.29

  6   6.70  9.95 24.09   8.95 10.40  1.00  10.60  3.04 12.04   5.42  5.13 12.13
  7  10.35 16.90  2.77   8.21  8.97  2.29  20.44  4.85 11.54   3.13  9.75 23.71
  8  17.54 26.05  5.45  32.30  5.44  0.63  17.33  3.51  9.63  14.29 17.05 12.39
  9   5.71 39.56  8.19   6.00  2.68  0.33  52.79  2.00  6.90  15.51  6.64  8.96
 10   6.47 19.77 17.00  11.18  3.34  1.35  65.23  5.06 19.52   9.63 17.49 26.11

 11   4.50 21.40 19.45  14.83  8.91  6.91  58.17  5.24  3.45  17.79 10.44 42.07
 12   5.07 24.78  5.46  21.91  0.25  5.80  23.21  9.31  3.10  18.04  4.05 52.31
 13   6.56 29.45  3.94  14.20  8.44  8.00  14.78 11.19  2.96  16.63  6.56 70.84
 14   5.80 13.81 10.35   9.43  3.73  5.89   9.69  8.81  5.50   8.83  2.47 11.91
 15   1.03 17.06 12.04  14.13  1.92  9.15  12.62  9.54 12.19   9.87  3.97 17.04

 16   1.82 28.62  6.42   2.98  9.11 14.11   5.50  5.85 14.45  15.64  3.69  6.04
 17   2.79 20.02  3.81   5.61  4.12  9.92  16.23  9.83 21.30   8.19  0.59 22.10
 18   1.85  5.72  5.49   5.25  2.61  5.80  12.92  5.53  4.87  11.32  1.54 12.44
 19   0.00  5.38  3.11   9.52  7.83  3.77   5.28  1.04 12.08  17.92  3.18  3.21
 20   0.00  8.44  4.42   2.13  6.16 12.69  16.19  1.55  7.55  14.02  5.56  3.30

 21   3.80 10.08  3.35   4.23  6.63  9.06  16.18  1.42  8.80  12.04 14.70 13.07
 22   8.27  4.89  8.52   8.78  4.62 57.61   6.92  1.92 16.60   3.60  3.25  5.17
 23   4.25  8.47  2.54   4.83  7.11 11.98   9.20  5.00 28.62   4.60  1.37  6.82
 24   0.97  3.87  2.28   7.26 12.45  9.39   1.24  5.47 17.17   3.70  3.54  4.07
 25   4.73 10.90  2.56  15.04  7.38  6.51   2.31  2.74  2.53  12.80  2.98  5.31

 26  19.17 10.36  1.86  14.19 11.02  4.17   1.67  3.14  8.57   1.70  1.48  4.81
 27   6.46 10.00  2.93   7.10  5.90 11.38   4.30  9.67 24.07   4.06  7.27 15.77
 28   7.13  4.32  3.93  92.33 24.42 11.41   1.01  5.15  4.81   5.25 17.45 14.51
 29   1.79        1.37  18.12 22.25 20.42   6.60  5.84 13.30   4.69 13.71  4.16
 30   3.20        2.22  10.92 44.63 16.40   4.06 14.71  2.00   2.42  7.99 12.19

 31   6.80        1.53        42.83         3.62 11.96         6.96       14.40
================================================================================
Mean  5.88 15.00  7.58  12.34 11.37  9.40  13.69  5.42 12.32   9.00  7.22 14.68
--------------------------------------------------------------------------------
Yearly Mean = 10.28
