Kandilli Observatory
                              FLARE INDEX OF SOLAR ACTIVITY
                                       FULL DISK
      2000
--------------------------------------------------------------------------------
Day    Jan  Feb   Mar     Apr  May   Jun     Jul  Aug   Sep     Oct  Nov   Dec
================================================================================
  1   0.17  0.19  2.82  16.44  2.27  9.20   2.92  0.48  2.12  15.14  1.98  2.67
  2   0.39  0.09 14.67   7.66  2.35 29.57   4.71  2.23  4.77   9.16  0.72  1.07
  3   1.03  0.78 13.37   5.12  0.00 18.87   1.37  1.27  3.91   2.38  8.33  0.64
  4   0.62  4.92  2.29  25.45  5.06  8.04   9.44  2.55  9.46   1.88  1.78  0.49
  5   0.00 11.58  6.78   3.62  1.54 10.12   1.19  0.89  1.00   3.16  3.95  0.40
 
  6   2.43  5.96  1.92   7.58  0.00 88.39   6.91  6.00  3.13   0.49  0.76  1.05
  7   2.92  6.60  3.99   2.94  6.11 38.74  17.00  2.34  4.57   0.84  4.69  5.71
  8   1.58  7.43  0.81   7.30  3.71 15.55  18.56  0.87  0.69   1.30 14.46  0.00
  9   1.90 11.08  1.28  11.50  6.18  3.00  14.01  5.30  5.59   5.75  6.58  0.28
 10   6.61  9.10 10.85   5.02  8.18 25.20  41.18  3.47  0.26   1.67  0.00  0.21
 
 11   4.87  1.07 10.23   8.16  2.09  8.50  69.89  8.37  1.69   1.82  0.23  1.74
 12   7.01  6.83 13.00   5.52 10.86  7.84  35.15 13.92 23.38   1.66  2.87  3.85
 13   5.22  2.26  5.56   1.10 14.94 10.19  38.15  7.52  0.02   7.96  0.46  3.30
 14   1.81  0.71  5.19   3.95  8.96 10.31  59.13  6.13  4.63   6.93 10.37  3.20
 15   1.32  2.78  6.89   7.67 21.43 24.05  13.72  7.10 10.71   3.17  1.76  2.78

 16   1.30  2.20 13.52   6.41  8.54  9.88  17.83  0.87 18.48   0.51  1.00  1.73
 17   2.19 15.42  7.35   2.96 10.50 23.16  31.67  5.12  7.67   2.07  6.03  7.27
 18   7.34  1.52 14.83   2.89 23.73  1.53  87.73  3.45 12.34   0.46  8.93  6.09
 19   0.46 17.21 25.02   9.79 12.42  2.81  31.02  5.85 16.24   2.91  1.45  2.58
 20   2.40  4.76 18.26   6.07 13.32  6.53  26.40 11.17  3.02   1.20  3.77  2.73

 21   1.62  9.06 12.62   6.75  6.40  9.63  78.79  3.60  2.13   4.31  2.13  4.65
 22   0.95  1.61 10.11   7.40  5.40 16.89  30.92  1.89  7.47   1.03  4.12  2.22
 23   0.00  2.69 14.02   4.33 16.04 11.94  17.63  3.51 16.98   1.95 10.12  5.36
 24   0.62  1.12 15.30  11.35  4.15  2.82  10.02  0.55 13.17   0.22 22.84  4.43
 25   4.40  2.78  7.52   5.17  5.14 20.25  25.90  2.58  7.60   0.99 31.10  3.31

 26   0.54  9.41  5.00   6.72  5.70 12.96   5.08  2.48  2.75   7.14 11.31  0.54
 27   0.48  6.14  9.53   5.00  2.70  7.99   8.87  8.90  7.44   0.00  2.65  8.45
 28   4.21  0.96  4.18   2.06  1.85  0.40   3.75  7.10  6.20   2.27  2.00  5.23
 29   0.26  4.77  1.67   1.48  1.67  0.30   1.43  3.06  5.33  14.73  4.17 10.68
 30   0.41       15.53   6.87  0.09  0.36   0.72  1.19  6.30   1.87  2.46  2.25

 31   1.26       12.55         0.38         0.00  3.50         2.62        0.25
================================================================================
Mean  2.14  5.21  9.25   6.81  6.83 14.50  22.94  4.30  6.97   3.47  5.77  3.07
--------------------------------------------------------------------------------
Yearly Mean = 7.61
