
                              FLARE INDEX OF SOLAR ACTIVITY
                                       FULL DISK
       1979
--------------------------------------------------------------------------------
Day    Jan  Feb   Mar     Apr  May   Jun     Jul  Aug   Sep     Oct  Nov   Dec
================================================================================
  1  11.28 19.07 24.87  17.49 27.17 16.81  30.51 13.48 16.63  24.75 17.15 11.52
  2  13.34 18.25 14.10  14.09 22.87 26.02  12.83 10.94 17.77  31.17  7.90  4.98
  3  13.38 11.14 12.28  22.06 16.08 34.75  22.31  8.66 14.81   7.70 12.02  5.65
  4   9.00  7.31  9.21   6.61 11.46 31.73  39.31  7.10 17.09  16.75  7.08 20.50
  5  14.08 16.24 25.72   5.76  4.14 34.15   9.21  3.85  5.54  21.28 39.05 15.27

  6   6.99 15.02 14.94  15.34 10.00 18.17   6.08  7.27  9.87  23.73 25.75  7.81
  7  17.00 10.49 18.29   3.35  8.61 20.53   7.79  3.98 16.42  30.08 30.58 10.50
  8  24.31 34.42 23.18  13.96 11.92 23.70  22.07  7.71 16.13  20.96 39.17 23.09
  9  10.11 18.63 10.33  14.57 19.23 22.28  19.46  8.93 12.17  18.10 33.82 14.20
 10  11.77 14.85  8.55   8.79 12.13 41.21  11.44 22.25 11.31  12.50 41.50  4.72

 11  17.48 19.14 18.12  18.96 17.73 21.52  15.42  5.15 24.12  24.12 22.78 16.07
 12  14.50 24.26 15.54  12.69 18.83 10.02   5.21  6.67  9.92  19.67 30.85 22.33
 13  17.54 19.30  8.63  19.20  8.76 18.92   7.23 15.46 16.38  17.52 11.50 19.85
 14  15.63 13.91  6.90  24.02 17.79  9.27  12.27 33.15 33.83  30.31 12.94 19.03
 15  29.67  8.53 14.58  17.60 20.75 14.44  11.81 15.48 24.64  18.00 27.44 18.73

 16  31.35 30.87 19.54  13.84 15.13 16.31   7.65 18.15 21.46  22.56 20.77 17.37
 17  11.39 28.80  2.61  11.66 20.92 11.19   3.68  2.86  9.18  26.35 24.91  8.34
 18  13.75 30.21 20.34   8.96 17.23  5.46   5.60 10.07 19.10  20.37 16.79 14.85
 19  17.27 27.81 14.83  11.10  6.80  4.73   7.32 13.43 48.33  28.75 11.33 25.74
 20   6.03 35.38 19.79  10.25 15.60  3.35  17.54 45.19 30.31  34.21 12.25 26.08

 21  15.82 15.55 10.03   6.26 14.65  4.40  13.03 31.27 22.84  21.21  9.64 24.82
 22  28.14 25.35 16.85   4.82 24.25  9.54  13.43 26.25 15.93  13.97  8.34 34.27
 23  12.37 19.80 14.59   4.45 14.75  9.71  31.63 21.71 18.35   9.70 14.42 10.29
 24  22.57 12.21  6.13  11.98 16.25  8.69  19.77 23.28 22.52  17.35 11.54  7.17
 25  24.18 10.33 12.98  23.91 11.05 19.39  16.82 29.58 18.00  23.69  5.66 19.88

 26  11.31 12.95 32.27  19.40 15.02  7.31   8.57 56.40 16.13  10.25  6.51  4.53
 27  12.96  7.13  7.61  25.45  8.01  7.50  16.18 18.63 14.65   8.97  8.06 16.68
 28  14.51 14.89  3.40  11.08 14.90  7.33  18.60 31.56  8.53   5.89  5.42 13.83
 29  15.69       13.28  16.92 11.92  8.35  10.63 16.35  7.06   8.36  9.21 12.09
 30   7.75       16.83  13.74  7.10 12.04  19.33 21.71 22.80  10.57  4.06  5.58

 31   5.70       28.59         6.35         5.56 17.17        14.75        2.04
================================================================================
Mean 15.38 18.64 15.00  13.61 14.43 15.96  14.46 17.86 18.06  19.15 17.61 14.77
--------------------------------------------------------------------------------
Yearly Mean = 16.22
