
                              FLARE INDEX OF SOLAR ACTIVITY
                                        FULL DISK
      1992
--------------------------------------------------------------------------------
Day    Jan   Feb   Mar    Apr   May   Jun    Jul   Aug   Sep    Oct   Nov   Dec
================================================================================
  1  16.99  6.94  4.85  12.96  5.80  0.00   7.32  2.13  0.56   2.57  1.88  9.43
  2  17.78 20.23  0.74   3.03  7.32  1.03   2.97  6.98  6.82   8.56 13.70 12.25
  3  14.81 24.52  2.18  10.23  4.02  0.72   6.11 17.04  7.52   2.95  4.00  4.23
  4  16.32  7.66  5.88   5.06 21.61  4.58   1.83 11.78 15.15   5.89  1.09  6.77
  5  20.11 12.62  3.95   8.42 14.71  4.42  11.31  9.85 17.01  15.35  2.84  1.17

  6   4.41 48.86  0.41  13.76  4.35 10.97   5.38  9.21 33.56   2.21  7.98  0.00
  7  11.20 37.14  0.81   9.68 11.35 12.04  19.07  8.88 29.47  16.44  4.07  4.51
  8  10.42  5.32 17.11   7.73 23.76 12.53  14.36 18.25  3.05  16.89  2.23  2.65
  9   6.39 12.06  5.38   5.13  1.15 11.14  11.89  5.27  4.11  13.39  6.75  4.21
 10   2.07  7.49  8.96   4.49  0.23  7.33  18.85  5.18 11.01   8.51  4.23  3.37

 11   2.68  5.19  4.07   2.13  2.10  7.64   6.84  7.76  4.99   3.35  1.80  3.57
 12   0.74  4.44  2.96   1.50  2.77  1.51   6.75  7.30  2.04   1.94  2.31  5.60
 13   0.00  2.30  5.17   0.88  3.95  1.59  16.67  4.85  5.63   1.11  2.71  8.77
 14   6.43 26.32  3.38   4.08  4.05  1.11  20.32  7.22  5.40   1.38  2.59  8.23
 15  10.25 21.38 25.51   7.90  0.89  3.35  15.32  5.38  6.07   0.64  3.26  7.18

 16   0.45 16.14  7.33   5.31  1.23  0.86  11.54  7.28 13.08   0.00  5.43 13.95
 17   4.93 17.98  3.36  37.92  0.13 17.26   8.50 12.65 17.81   0.57  9.12  0.00
 18   1.22 13.33  2.54  11.94  6.03  4.73  10.08  7.36  3.05   3.66 30.02  0.56
 19   5.45 13.90  2.69  11.46 10.95  5.28   0.90  9.18  1.86  14.89  3.84  0.13
 20   0.85  5.56  4.12  18.03  1.17  5.00   1.21 23.73  0.81   9.19  2.66  1.13

 21   2.68 18.49  7.92  13.82 13.89 12.34  14.38 15.16  1.96   6.04  2.76  2.34
 22   5.38  6.60  1.79   8.02  4.87  4.50   6.25 12.77  0.35   3.38  5.17  1.52
 23   3.13  5.90  4.63  18.49  0.47 19.29   0.65  5.15  1.34   9.91 19.08  2.86
 24   2.59 38.54  6.11  19.06  0.95 10.50   1.31  5.10  2.13   3.33  1.68  2.81
 25  12.54  9.45  7.54   6.10  0.80 27.31   2.55  2.95  0.96   6.67  1.19  1.97

 26  17.77 10.85  7.54   6.01  0.35  5.80   3.07  0.52  3.32  20.42  5.50  1.61
 27   0.76 41.85  3.52   3.61  2.97  0.69   4.58  2.04  4.55  22.68  5.72  1.16
 28  10.79  6.75  3.83   0.89  0.97  1.81   0.00  1.38  3.36   8.35  9.81  1.13
 29  17.36 18.96  2.75   1.71  0.00  1.43   0.76  0.00  0.79  16.17  7.10  7.56
 30  49.76        5.78   9.35  0.39  6.88   3.79  4.09  2.01  36.26  6.61  3.82

 31  19.23        7.88         2.62         3.27  1.84         2.84        3.42
================================================================================
Mean  9.53 16.10  5.51   8.96  5.03  6.79   7.67  7.69  6.99   8.57  5.90  4.13
--------------------------------------------------------------------------------
Yearly Mean = 7.74
