
                              FLARE INDEX OF SOLAR ACTIVITY
                                      FULL DISK
       1986
--------------------------------------------------------------------------------
Day    Jan   Feb   Mar    Apr   May   Jun    Jul   Aug   Sep    Oct   Nov   Dec
================================================================================
  1   0.00  2.88  4.90   1.03  2.02  0.00   0.00  1.17  0.00   0.51  6.98  0.00
  2   0.00  5.45  2.58   0.00  8.60  0.00   0.00  0.00  0.00   0.25  1.71  0.00
  3   0.00 12.03  3.52   0.00  1.08  0.00   0.50  0.63  0.00   0.34  0.00  0.00
  4   0.00 17.64  3.70   0.00  0.00  0.00   0.00  0.74  0.00   0.00  3.26  0.00
  5   0.00 10.00  5.34   0.00  0.00  0.00   2.67  0.54  0.00   0.00  1.58  0.00
 
  6   0.00 17.45  6.47   0.00  0.00  0.00   5.36  0.19  1.23   1.46  5.21  0.00
  7   0.00 20.29  1.30   0.00  0.00  0.00   0.21  0.00  0.70   1.54  0.41  0.00
  8   0.00  6.40  0.00   1.26  0.00  0.00   0.83  0.55  2.46   1.13  0.21  0.00
  9   0.25  1.18  0.62   0.00  0.00  0.00   0.00  0.00  0.00   1.81  0.00  0.00
 10   0.00  8.33  0.43   0.82  0.00  0.00   1.93  0.00  0.00   0.00  0.00  0.19

 11   0.00 15.67  0.00   0.38  0.00  0.00   2.00  0.00  0.00   2.07  0.00  0.00
 12   0.00  6.33  0.31   0.67  0.00  0.00   2.71  0.00  0.00   1.58  0.00  0.82
 13   4.87  6.42  0.00   0.00  0.38  0.71   3.91  0.00  0.00   0.46  0.13  0.00
 14   4.12  4.68  0.00   0.17  0.00  0.00   0.19  0.00  0.21   0.00  0.00  0.00
 15   6.38  2.21  0.00   0.00  0.00  0.00   0.24  0.00  0.00   0.33  0.45  0.00

 16   3.00  0.00  0.00   0.00  0.41  0.00   0.00  0.00  0.00   0.88  0.00  3.29
 17   0.51  0.00  0.00   0.00  3.06  0.00   0.00  0.00  0.00   3.58  0.23  0.00
 18   0.00  0.00  0.00   0.00  0.00  0.00   0.00  0.00  0.00   7.56  0.00  0.00
 19   0.00  0.00  0.00   0.00  0.55  0.00   0.20  0.00  0.00  10.29  0.02  0.00
 20   0.00  0.00  0.00   0.17  1.19  0.00   0.19  0.00  0.00   3.33  2.74  0.00

 21   1.70  0.00  0.00   0.53  1.73  0.00   0.00  0.00  0.00   0.61  0.00  3.12
 22   0.00  0.53  0.00   0.00  0.45  0.00   0.00  0.00  0.00   2.84  0.00  0.00
 23   0.00  0.00  0.00   4.85  0.17  0.00   0.00  0.00  0.00  11.44  1.61  0.07
 24   0.00  0.00  0.00  14.35  2.70  0.00   0.00  0.00  0.00   6.85  0.44  0.17
 25   0.00  0.00  0.00   1.13  2.26  0.69   0.00  0.00  0.00   4.42  0.00  0.00

 26   0.13  0.00  0.00   3.06  2.47  0.00   0.00  0.00  0.00   2.33  0.49  0.00
 27   0.00  0.00  0.00   0.60  2.31  0.00   0.00  0.00  0.00   2.74  0.00  0.00
 28   0.00  0.00  0.00   0.98  0.19  0.00   2.08  0.00  0.00   2.08  0.34  0.00
 29   0.00        0.47   0.21  0.40  0.00   3.65  0.00  0.00   0.41  0.00  0.00
 30   0.00        0.00  12.14  0.00  0.00   0.83  0.00  0.00   1.75  0.00  0.00

 31   4.30        0.74         1.69         0.48  0.00         3.17        0.00
================================================================================
Mean  0.81  4.91  0.98   1.41  1.02  0.05   0.90  0.12  0.15   2.44  0.86  0.25
--------------------------------------------------------------------------------
Yearly Mean  1.13
