Kandilli Observatory	

                            FLARE INDEX OF SOLAR ACTIVITY	

                                 TOTAL HEMISPHERE	

2012	

------------------------------------------------------------------------------------------------------	
Day     Jan     Feb     Mar     Apr     May     Jun     Jul     Aug     Sep     Oct     Nov     Dec 	
======================================================================================================	
1	0.15	0.00	1.42	0.17	1.67	2.88	21.19	5.63	6.92	0.00	0.21	0.17	
2	0.21	0.00	0.21	0.21	4.06	1.04	32.46	0.29	3.44	0.56	0.00	0.00	
3	0.65	0.00	0.40	0.13	3.25	1.00	12.69	6.52	2.88	0.75	0.00	0.00	
4	0.19	0.00	10.17	0.88	2.04	2.23	67.42	3.31	3.27	0.08	0.00	0.00	
5	0.13	0.00	34.33	1.63	4.13	4.69	26.08	0.44	5.06	0.00	0.00	0.00
	
6	1.50	1.13	7.77	0.19	4.77	5.88	11.83	0.29	1.79	0.42	0.00	0.00	
7	0.60	1.27	36.29	0.00	4.65	6.60	6.17	7.40	1.81	0.00	0.00	0.00	
8	1.02	1.08	0.90	1.96	2.02	0.44	16.31	3.81	1.60	0.10	2.29	0.06	
9	7.40	0.00	0.58	0.00	9.77	3.23	9.88	9.46	4.21	0.44	0.00	0.00	
10	0.48	0.44	0.54	0.00	16.04	0.46	18.44	4.40	2.10	1.29	0.00	0.25
	
11	1.94	0.00	0.08	0.15	7.54	1.33	9.25	13.02	0.48	1.06	0.00	0.19	
12	0.96	0.06	0.92	0.06	8.06	1.25	42.13	1.33	0.13	2.27	0.50	0.48	
13	0.69	0.00	16.35	0.00	3.63	16.27	6.71	0.25	0.38	0.48	0.79	0.44	
14	0.83	0.00	3.63	0.00	4.10	17.54	11.79	2.85	0.46	0.60	2.79	0.00	
15	0.06	0.00	2.58	0.42	4.31	4.40	3.19	1.65	0.10	0.29	0.40	0.00
	
16	1.50	0.00	1.29	0.25	0.67	2.00	4.00	7.75	0.08	1.92	0.23	0.85	
17	2.10	0.00	0.35	0.29	4.17	3.75	15.15	0.35	0.00	0.67	0.42	0.54	
18	3.02	0.00	0.38	11.85	1.13	0.19	0.10	7.21	0.00	0.00	0.71	0.15	
19	23.75	0.15	0.85	1.33	0.60	0.10	0.33	5.71	0.56	4.90	0.44	0.08	
20	0.00	2.17	0.04	10.54	0.54	0.19	0.00	0.42	5.42	0.00	4.92	0.00
	
21	2.42	0.00	0.65	1.71	0.56	0.00	0.00	0.00	0.46	0.19	2.65	1.90	
22	4.96	0.00	0.21	4.35	0.60	0.00	0.00	0.27	0.00	2.90	0.08	0.35	
23	22.54	0.00	0.29	1.67	0.46	0.00	0.33	0.00	0.00	2.31	0.00	0.40	
24	0.42	0.00	1.44	0.65	0.83	0.00	0.13	0.23	0.38	0.98	0.71	0.00	
25	0.19	0.00	3.19	0.46	0.71	0.38	0.17	0.42	0.94	1.63	13.27	0.60
	
26	0.25	0.31	2.73	0.00	0.38	0.98	0.06	0.08	0.00	1.17	6.63	0.35	
27	2.71	0.23	1.92	3.25	0.52	5.69	3.31	0.40	2.52	0.81	1.31	0.40	
28	0.00	0.00	1.23	2.98	0.56	3.46	4.23	0.42	0.46	0.15	2.10	0.00	
29	0.00	0.65	0.58	0.83	0.00	5.33	9.02	0.46	3.38	0.00	5.27	0.23	
30	0.00		0.19	1.98	0.19	4.33	5.46	4.08	2.56	0.00	1.44	0.00	
31	0.00		0.48		1.44		7.77	10.38		0.00		0.00	
------------------------------------------------------------------------------------------------------	
Mean	2.60	0.26	4.26	1.60	3.01	3.19	11.15	3.19	1.71	0.84	1.57	0.24	
------------------------------------------------------------------------------------------------------	
Yearly Mean =	2.80												
													
