
                              FLARE INDEX OF SOLAR ACTIVITY
                                       FULL DISK
       1982
--------------------------------------------------------------------------------
Day    Jan  Feb   Mar     Apr  May   Jun     Jul  Aug   Sep     Oct  Nov   Dec
================================================================================
  1  12.74 65.31  9.72  10.37  3.60  7.27   0.00 10.58 31.67   8.38 12.00  3.38
  2  11.18 47.92  7.16   8.87  6.49 15.67   1.15 15.81 15.00  12.69 11.29 54.19
  3  11.70 54.30 14.58   9.54 13.06 27.04   1.63  4.66 43.85  13.01  5.38 24.12
  4  19.35 23.29  8.68  19.56 10.82 22.35   3.55 22.04 112.3   5.36 15.70 25.08
  5   9.67 24.67 27.05   3.23  5.32 40.04   1.04  6.67 10.71   6.42  0.35 18.71

  6  18.65 30.22 18.38   6.34  5.38 25.40   3.13 22.05  6.21   5.42  3.16 38.77
  7   9.13 22.04 12.90   4.30  5.25 17.71   5.60 25.88 27.52   5.49  1.34 35.19
  8  48.94 21.19  8.21   6.07  1.69 25.31  11.94 31.58 11.48   1.81  6.49 64.16
  9  26.70 15.48  5.69  19.58  3.58 16.83  54.71 15.37 13.74   2.29  4.06 34.93
 10   8.52 42.46  8.71  27.56  2.95 21.96  51.27 29.96 11.32   3.63 17.48 72.67

 11  12.21 20.26  4.79  21.29  3.65 12.40  40.86 18.52 10.78   6.13 12.31 32.21
 12   2.90  8.90  9.40  12.00  9.69 39.46  85.08 17.33 20.95   6.89 46.35 11.86
 13   6.02 10.84  6.83   9.35  6.00 33.58  35.50 22.42  9.91   3.69 23.60  5.76
 14   3.90 22.34 29.77  27.79  1.27 43.79  56.46 24.21  6.08   7.19  5.69  0.31
 15   4.98 13.57 17.67   9.31  3.08 67.95  55.46 17.25 15.48   7.33 36.19 28.67

 16   9.96 12.06 29.44   4.13  1.81 36.94  41.22 15.68  4.45   3.98 19.25 21.65
 17  14.54 18.79 13.09   4.13  8.42 21.08  44.00 12.77 11.87   0.88 15.55 30.57
 18  22.67 15.36 25.40   8.59 17.02 22.37   1.57 21.96  7.81   4.19 14.43 35.38
 19  13.51 22.25 40.66   6.20 15.00 21.21   3.40 16.29 29.96   4.24 16.23 47.47
 20   9.08 19.94 15.08   2.08 19.08 25.63  20.46 12.63  2.89   2.94 28.56 16.83

 21  18.69  5.42 12.81   1.00 16.79 35.96   1.26 10.14  5.86  19.35 31.94 26.06
 22  13.14  2.18 15.89  22.88 13.89 29.26   1.86  6.13 13.93  26.90 23.52  8.13
 23   2.87  4.80 10.21   7.48 12.23 39.03  51.03  8.08  2.49  14.33 11.87 17.75
 24  11.21  5.67 12.04   9.67  9.06 14.15  27.98  3.68 15.24  24.44 11.47 24.32
 25  17.82 14.58 11.24  10.17 23.08 20.47  12.79 16.59  7.35  45.10  6.46 10.33

 26  14.06 10.90 13.40   8.67 33.31 29.06   8.85 16.80 14.89  22.92 13.22  5.78
 27  17.13 14.21 31.31   6.72 30.69 13.10   1.73 27.21 10.25  27.44  3.47 25.25
 28  28.88 22.43 21.46   9.69 23.33  3.27  11.13 15.70 14.93  15.18 17.71 22.46
 29  20.76       30.74  12.95 17.26  0.73   4.62 11.29 19.87  22.38 10.00 16.15
 30  59.16       48.37   6.01  8.62  1.62   0.48  6.17 21.36   9.09 14.94  9.19

 31  32.38       34.20        15.00         4.72 13.29         2.97       16.83
================================================================================
Mean 16.53 21.12 17.90  10.52 11.17 24.35  20.79 16.09 17.67  11.03 14.67 25.30
--------------------------------------------------------------------------------
Yearly Mean = 17.24
