Kandilli Observatory	

                            FLARE INDEX OF SOLAR ACTIVITY	

                                 TOTAL HEMISPHERE	

2013	

------------------------------------------------------------------------------------------------------	
Day     Jan     Feb     Mar     Apr     May     Jun     Jul     Aug     Sep     Oct     Nov     Dec 	
======================================================================================================	
1	0.75	0.52	0.35	0.00	5.15	0.21	0.00	2.40	0.69	0.10	5.54	0.00	
2	0.00	0.31	0.00	1.06	2.29	0.29	6.60	0.79	0.23	0.00	6.50	0.00	
3	0.00	2.50	0.00	1.40	6.98	1.33	4.29	0.06	2.58	0.23	2.35	0.00	
4	0.10	0.23	0.00	0.00	1.33	0.00	7.31	0.00	8.17	0.15	1.60	0.23	
5	0.46	0.15	0.27	0.81	5.08	4.94	17.23	0.00	0.92	0.00	5.56	1.21
	
6	0.00	2.19	0.00	4.94	1.31	0.00	4.00	0.08	0.00	0.31	7.96	0.85	
7	0.13	0.00	0.00	1.48	1.06	0.19	3.29	0.35	0.15	3.04	3.50	2.38	
8	0.00	0.08	0.00	0.42	1.06	0.00	0.25	0.21	0.38	0.69	4.92	0.88	
9	0.00	0.85	0.00	2.15	0.69	0.33	2.96	0.15	0.00	0.46	1.33	0.08	
10	2.04	0.00	0.00	3.19	2.67	2.02	3.65	0.00	0.19	3.21	3.19	0.88
	
11	2.10	0.08	0.04	24.56	0.54	0.00	0.21	4.42	0.00	15.54	2.04	1.63	
12	1.96	0.33	6.13	2.85	0.13	0.58	0.92	2.54	0.00	3.85	1.96	2.44	
13	1.33	0.00	0.19	1.02	6.56	1.00	0.85	0.90	0.00	4.27	0.48	1.33	
14	1.25	0.00	0.19	0.17	3.19	0.67	0.38	5.33	0.00	3.15	1.40	1.50	
15	0.31	0.06	6.48	0.27	6.08	0.00	5.04	2.56	0.00	7.52	5.81	0.29	

16	0.00	0.00	0.44	2.44	3.52	1.04	1.38	1.40	0.00	3.25	4.10	0.65	
17	0.00	1.65	0.23	0.77	14.60	3.04	1.06	22.35	0.10	3.77	2.23	1.08	
18	0.58	0.33	0.00	0.10	3.25	1.88	0.00	1.52	0.52	1.94	0.52	1.67	
19	0.00	0.08	0.19	0.83	5.04	2.94	0.25	1.56	0.17	0.00	0.54	0.73	
20	0.00	0.42	0.06	3.04	9.33	4.50	0.42	0.21	0.60	3.83	0.00	0.17
	
21	0.00	0.33	0.00	9.69	2.69	7.50	5.98	1.90	2.48	3.08	0.17	3.15	
22	0.29	0.00	0.50	0.40	30.00	2.96	0.00	1.29	0.13	11.92	1.31	12.77	
23	0.00	0.08	0.08	4.63	5.65	1.02	0.00	2.10	0.19	5.33	5.94	3.25	
24	0.00	0.00	0.00	2.85	2.04	2.17	1.33	0.04	1.29	24.13	0.29	0.00	
25	0.00	0.00	0.15	0.17	0.77	1.17	1.46	0.00	0.56	8.83	0.00	0.25
	
26	0.00	0.00	0.00	0.75	2.52	0.10	0.50	0.00	0.23	19.25	0.00	0.44	
27	0.00	0.19	0.00	0.00	0.00	1.44	0.44	0.00	0.35	9.92	0.00	1.44	
28	0.00	0.44	0.00	3.08	0.00	2.58	4.27	0.00	0.00	32.63	0.67	2.56	
29	0.00		0.00	5.10	0.60	1.00	1.38	0.10	0.23	2.44	0.10	3.00	
30	0.00		0.00	2.90	0.67	2.98	0.48	4.19	0.00	0.00	0.00	0.65	
31	0.15		0.00		1.29		0.08	1.02		0.29		16.71	
------------------------------------------------------------------------------------------------------	
Mean	0.37	0.39	0.49	2.70	4.07	1.60	2.45	1.85	0.67	5.58	2.33	2.01	
------------------------------------------------------------------------------------------------------	
Yearly Mean =	2.04												
													
