
                              FLARE INDEX OF SOLAR ACTIVITY
                                       FULL DISK
       1985
--------------------------------------------------------------------------------
Day    Jan  Feb   Mar     Apr  May   Jun     Jul  Aug   Sep     Oct  Nov   Dec
================================================================================
  1   0.72  0.34  0.36   3.10  2.38  0.00   2.43  2.59  0.00   0.00  0.00  0.00
  2   0.00  1.67  0.00   0.20 15.79  1.06  21.31  0.63  0.26   0.00  0.00  0.21
  3   7.35  1.71  0.00   5.62  4.21  3.16   2.92  0.00  0.00   0.00  0.00  0.00
  4   0.00  0.69  0.00   6.52  0.00  2.58   2.24  0.00  0.00   0.00  0.00  0.00
  5   0.00  1.00  0.00   4.85  0.00  4.73   7.11  0.00  0.00   0.00  0.00  0.00

  6   0.00  0.00  0.00   2.08  1.21  2.55   5.54  1.68  0.78   0.00  0.00  2.34
  7   0.00  2.31  0.00   2.38  2.49  3.02   3.17  2.94  0.00   0.00  0.46  0.00
  8   0.00  0.09  0.00   0.40  2.60  5.63   7.86  2.60  0.00   0.00  1.71  0.00
  9   0.00  0.23  0.00   0.27  5.56  3.64   8.65  1.98  0.00   0.00  0.00  0.00
 10   0.41  0.28  0.00   0.00  2.06  0.85   8.14  1.56  0.00   0.00  0.00  0.63

 11   0.00  0.35  2.10   0.00  5.65  4.29   3.09  0.38  0.00   0.13  0.73  2.06
 12   0.00  0.00  1.99   0.50  2.15  3.96   3.13  0.50  0.30   0.00  0.76  4.37
 13   0.40  0.00  0.00   0.00  9.41  1.88   2.01  0.77  1.50   0.00  0.73  1.42
 14   2.61  0.00  0.00   0.00  7.65  1.29   0.33  3.43  0.11   0.56  1.89  1.21
 15   2.68  0.00  3.28   0.00  0.81  6.62   0.21  0.00  4.40   0.27  3.01 11.50

 16   5.11  0.02  0.00   0.00  2.77  2.17   0.15  0.40  0.54   1.36  1.90  5.23
 17   5.65  0.00  0.08   3.75  5.30  1.67   0.09  0.00  0.87   0.02  0.64  2.50
 18   3.34  0.00  0.92   1.04  8.76  0.27   0.35  0.00  1.99   3.06  0.00  1.10
 19   9.79  2.90  0.59   0.00  1.22  0.00   0.00  0.00  1.00   1.48  1.00  0.11
 20   9.24  0.65  0.66   2.17  0.36  0.00   0.41  3.37  0.00   3.85  0.72  0.63

 21  29.19  0.36  0.96  13.63  4.77  0.02   0.92  0.17  0.26  11.15  0.00  0.29
 22  17.40  0.48  0.00   6.00  1.88  0.00   4.21  0.00  1.44   7.13  0.00  0.00
 23   8.38  0.00  4.11   3.87  2.31  1.58   0.00  0.00  0.00   7.88  0.00  0.00
 24   4.86  0.00  0.65  25.27  0.94  0.00   0.00  0.00  0.00  11.81  0.00  0.00
 25   0.27  0.00  0.33  19.07  1.56  0.00   0.00  0.58  0.00   3.77  0.00  0.00

 26   1.36  0.00  0.80   2.03  0.00  0.00   1.28  0.00  0.00   5.72  0.00  0.00
 27   0.30  0.00  0.07   0.69  0.00  1.67   1.24  0.00  0.00   8.82  0.00  0.00
 28   0.00  0.00  0.48   4.16  0.00  3.81   2.57  0.00  0.00   1.20  0.00  0.00
 29   0.00        0.00   0.96  0.33  0.25   3.24  0.00  0.00   0.00  0.00  0.00
 30   0.00        0.23   0.96  0.00  2.75   3.62  0.00  0.00   0.00  0.00  0.00

 31   0.26        0.81         0.44         4.10  0.00         0.00        0.00
================================================================================
Mean  3.53  0.47  0.59   3.65  2.99  1.98   3.24  0.76  0.45   2.20  0.45  1.08
--------------------------------------------------------------------------------
Yearly Mean = 1.79
